0
2068
865752
1025392
718168
940164
567128
763540
520327
764898
547776
853026
2256828
3995819
4502756
4649572
3988669
3785770
3329182
3041665
2666728
2713786
2594595
2807218
2633410
2449436
1702665
1660711
1269292
1198905
975509
1114163
742697
952161
762002
1036371
1205295
8369896
19478169
24750734
24899083
24801669
25580863
29716871
31868904
36690511
48316626
60604400
68122744
72915019
76274675
76383627
67910428
60974837
55090886
52509438
51502242
46600885
38611740
29675681
19822731
16973727
31495167
53687740
79123006
97742019
52116686
31314782
36289111
20942805
18785924
20098887
26372439
32676918
36935718
39597943
45040196
49497978
49953233
54836851
66719210
78638249
75580436
67529404
57638592
44704607
36813400
34137207
31660915
20054366
8829132
4564121
5699185
4489720
2071956
2798373
6675070
9432100
8075857
4303718
5623322
6625561
6769265
8513112
6240258
7575782
8271938
17249968
17475226
8215327
7343264
15617875
23583761
18064651
7431611
12549745
22561729
16583842
11009255
16551819
18184501
15793157
9268643
12680329
21320256
26343178
25673723
22250090
8545438
8173378
10096309
6620611
3910628
4932768
4823393
4680584
5933182
6823366
8087637
9943006
9831441
8748313
9022461
9410030
8607074
9429186
10033291
9007109
5988538
7430331
10559461
11529954
11151490
12440692
14479157
9051340
6092906
5526818
5266984
3751615
2801880
3828631
3292355
2108522
1790665
4363851
7313320
8360498
9757008
7770320
6568332
6852201
6867416
5663578
4718036
4792947
4188741
4225801
4138291
4402984
4947907
5857128
4113300
2063491
1669041
2528164
4566315
4786213
2832646
1907513
1315725
1715996
1295631
1506262
2104969
7681393
2903257
3383648
3692904
3375354
1736515
1467396
1753178
1856573
1196088
1193367
940749
1258981
871146
1041819
884181
1010309
838693
1119965
866051
1082854
870971
1165331
1050828
1580885
1938641
2040354
2103952
2778396
2983520
2919347
2206310
1877603
1950924
1712540
1198105
1368481
910549
1339197
1196918
1751612
1698349
1793177
1844651
2566039
2651187
5993431
5809627
4442913
3673748
2003624
1555171
2269805
3629897
4256227
4512087
4763022
2891555
3183972
3083831
2808726
2579636
3531106
2867234
2272174
2112937
3254823
5255044
6862498
6003290
3240594
1294392
1592814
1615839
1326209
3847004
6955333
6901039
7015342
5527649
3779044
4693910
12872655
25433123
30885756
32508166
35438037
49155840
54704643
55421545
52676478
45267544
50266282
51019905
48408886
42672708
36117318
29617363
25546916
25930224
34537021
40115264
41829861
30160191
22448209
30124162
49821829
56055070
71233358
80623971
76491023
59325560
43047807
38751885
36778959
38670468
15876457
10245166
7534960
12279030
6530173
8730524
6001050
3965320
2805407
1747584
2479599
3044663
5299395
7077665
6866541
4094973
3180526
4921953
6860349
5838615
3240962
2429965
4714603
6719347
5161523
2191140
2367022
2724845
2975093
3198548
2438954
1797971
2903753
2530416
2468807
1654817
1973187
2299056
2309677
1763680
2187008
2515171
2592727
1705463
2089045
1708293
1793805
1381448
2378855
2389378
5679490
11179730
11674350
14775212
19635919
10744570
6794153
6787881
3861195
1244223
1934946
1766152
3464785
3018658
3193121
5962506
5706617
7131146
8662705
6863472
6018352
5981856
5315172
4328140
5500579
3579615
3416131
2056270
1633580
2513021
3345149
2182310
1905775
1651088
1846849
962558
1057962
781596
1077530
933221
1186274
1012417
1288684
1627328
2157280
1999942
1963100
2800467
10175300
14751112
16449363
23743852
25012460
25121642
13382033
2642302
2191444
2347937
2444620
1878813
2116411
2030998
3279076
4287011
5250851
5507519
5658379
5139562
4940967
4347746
4634754
3725737
3984820
4655011
3684378
3408134
2816781
2007415
2227684
5457945
14729187
18618458
12211570
9342850
12590257
11699704
10179999
10362250
11749459
12948403
16235841
16081976
11609868
5722158
3610498
3735627
3750622
2071513
1350817
1433344
1905414
2266278
2534963
2810846
3646103
4608305
5869228
4015578
2917783
2855478
2791418
2261946
2520613
2403741
2714821
2215685
3464009
9398579
12592216
14128959
12445411
5541950
6667463
9336936
9677605
7129237
7009753
7881864
6419884
5728023
5823615
3954484
3608332
3649009
4383866
5318571
4571575
3450661
4988059
6597122
6231740
4795035
4348230
3011920
2864101
4429756
6149515
5738080
5123756
3827418
3407058
2181199
1602077
1351602
1551416
1443049
1984373
2046038
2269617
4273058
4198075
2771677
2677631
2600043
2741228
2316665
2435289
2452427
2840712
3494392
3150701
1855289
1582045
1372885
1349463
1190142
1658639
2185555
3495321
5564712
7287399
11649086
17227825
17502071
19514866
18818760
17827574
17817946
18936915
17301269
17123838
12085766
11800274
12999092
11728572
9008423
11787418
13503807
15824000
16815782
17417444
20641616
23178286
9586964
8728566
6661188
4103297
2784990
2181254
2226921
3100364
5465739
9191363
3375884
1714413
1248064
1522911
1121600
1238089
858784
1396320
1284445
1152396
1046723
1249484
1419502
1869586
2492450
3636747
3933289
4964699
4562060
5507396
6135049
5511617
1670528
2049045
1531812
1526907
1372271
3528714
2890720
2862790
2404738
2150224
1890287
2751932
5164808
5779786
6784601
3042155
4001991
10012894
11954244
12710869
16396948
17486590
15879483
12478322
9874820
12404199
9241921
9231099
6062096
3223661
1687167
1769147
1455561
1511786
1177101
1342637
1119507
1326690
1399737
2544448
3325206
3818246
3648390
3184134
2558636
2382210
1833312
2068386
2349612
2861426
2635316
2678871
2098754
2126168
1959527
2077390
1920559
2105760
1819120
1873211
1798108
1972319
1877754
2042407
1862561
2017566
1262762
1336281
1115729
1376749
1114342
1330726
1119982
1217133
871223
1042907
865077
1016767
772750
959628
684250
890666
696182
881858
709691
899988
695396
911205
708509
952573
720924
882940
739737
903056
687507
851915
627524
827596
608263
825502
728815
894923
740110
928454
735007
904423
762198
948141
804792
1045420
779153
980621
818555
1136406
1528782
2078828
1856746
1475242
746679
956495
859329
1079832
827604
1039373
823759
2361390
1109968
1322452
996513
1217403
1241882
1299047
1510002
4099840
7172880
14081771
38662920
57889914
63308293
71868114
78174285
85669197
82730161
82156384
79866830
81195213
79975293
76220483
71561098
63932296
57795883
50624459
43376940
36586854
25101652
16644029
13938044
18717829
23076905
27572796
26279727
22193474
15397040
13458628
9226954
15195290
20889051
25059777
27277661
27117506
26129443
18481811
14611661
17281221
19239848
20008837
19491314
23897225
24421598
26116653
27649673
31863119
35551058
35879298
32085211
26872881
18957872
16277248
26813454
36414114
45194769
52625437
49350805
47743353
42412824
36134606
35574908
36986369
29567449
24355971
26356415
19760664
20660770
26490462
33979726
39425117
41582622
37025727
33189298
31978874
29369576
24337981
21549615
22462071
32890727
35023177
37922171
33163595
27182709
20588864
19814266
30927201
39373717
38484643
34665375
31356291
38102427
36160784
31331615
32305547
36484275
31344486
30618439
28613756
26809741
25135164
47310507
49309790
43234793
43183235
44953943
43434419
44704815
46824141
48797121
51014776
48035812
44555156
49131922
44765226
39865298
35676209
39260065
46871309
58620030
56118842
52244506
41730188
48804144
57326976
66363203
72843200
74405698
69515171
58122906
51389220
46155252
39937656
47188716
52482748
61884496
66700114
68335086
71742685
70853499
69776013
65462576
53379796
44030406
43319092
37698566
30907611
19786725
14761081
9722392
11993016
9675203
4042219
3194571
3954623
2602911
2137067
1273984
1688206
1816671
2010300
1607704
1649638
1236733
1391624
1647126
1654360
1693809
2123341
2190226
2154145
10434170
32761538
51042336
61083778
65929394
68655446
75100884
70017739
68692824
55053546
49658520
34448993
27583992
47007892
47747229
35586405
32367721
13281809
25297106
35106143
39839528
28180327
20372245
30077371
31995184
34309575
31940039
31567098
37924679
38142674
31458523
56032101
66441412
71248056
81831927
82607750
72675443
67270504
58235851
37038646
21496271
12891710
16784727
10063839
4683930
2254793
2332614
1391371
1435898
2142676
2152364
1742807
1523265
2981771
3943084
9562906
19495297
22507977
16251602
8286750
2427694
3979622
1709466
1620783
2399252
5976886
6542277
5932177
5992412
3833561
2258909
1857326
1947638
2070503
1440012
1403329
1085679
1539184
2451090
3389539
3412109
2799279
2137552
2220688
1882963
2167991
2911705
3846009
3864282
3825403
1841559
2744838
3687575
3959092
3196293
2648520
2293020
3257695
4500807
4889592
3446793
1490983
1267222
3442041
4102267
4087865
2354095
1402092
1363253
3216809
2489061
1844813
1154486
1683862
1874646
2048113
1499443
1461363
2217344
3328406
2804285
3141274
3252181
3550854
1667735
1785947
2236086
2209426
1737839
2170857
2948636
2667523
2010580
2812345
4036972
10929468
13457037
14736373
16842635
12853314
4138412
3010962
6002723
9636796
11504242
9951028
6920077
6358311
6703040
8097516
8161988
7768417
4335209
4560986
2626633
1910727
1672600
1820869
1256163
1315803
1212825
1670280
1825718
2664908
2957376
3395836
2829795
2791879
2084272
1734958
1218067
1269332
1270965
1582953
1361657
1554407
1382821
1391464
992123
2232972
947341
1180573
1089974
1302575
828934
1123158
938642
1188219
877989
1107050
949041
1209333
956852
1152411
808976
1022106
1111837
2216979
3629914
5388328
5912688
6108554
5296980
4154981
3109340
2493049
1306877
995729
1237527
2294374
2813623
3051793
2666971
2421941
1901010
1878942
1632784
1584984
1334493
1571993
1323561
1497078
1054160
1213076
1097010
1340280
1252519
1606525
1291963
1226716
1316422
1449648
1046679
1190511
880096
940559
778315
1005663
967152
1062410
1251117
1642306
1408351
2633802
4106132
4097967
2798991
1493935
1285128
1355517
1078592
1455810
1489788
1569130
1425088
5330751
14708162
24881517
46257884
36787323
43624874
58062332
83378705
89850601
89434042
82129258
72655767
59268692
49403702
40806626
31239718
17534011
9986448
8621940
10226322
11129770
11290886
15850256
20883440
26869863
27922654
34046229
42918258
48682670
41941577
33092632
28273210
12731996
10351080
20551842
37539939
42127540
45574352
50450144
47282122
49436924
45323047
40465163
30852483
29257868
23742642
18725069
16986968
6529987
13402087
26327339
30458011
27159733
26726925
27138773
29376443
25975130
21468751
20096486
31516916
34846324
34374740
29416994
23706281
24370710
30456278
37778347
35290143
35514655
22097940
12946918
12287065
17661935
3482589
1518864
2114794
2798870
3460969
3292148
4056875
6381033
6571252
7971948
6445399
7200809
6945464
6749591
6476628
6079963
6027732
5648508
5409515
5690320
5338021
5254885
4936883
5115496
5765079
4829924
2994586
4666600
7010812
8815220
8330493
8560640
12826866
12235924
12472244
17562239
15689930
14223730
13980294
11979607
16084888
15385154
15291095
20517698
25697809
29956305
32041117
32218072
25961244
16878857
21614144
31353760
33227814
32301111
28877770
9009287
6694487
2615651
1324955
2247388
3456709
3576365
2765852
1961192
1574752
1548063
1883327
4428000
9679634
11505102
13844644
12799522
8696812
11704543
15167770
13724665
16919835
22108976
28022630
33284269
34828173
34187815
11561937
12266445
14994412
20310875
22436283
15884179
17271475
8648302
5662084
5678769
2992762
3587403
4578319
4049230
2490382
2739718
2079636
2148631
1996480
3136835
3238028
4012809
3998333
5230893
7733874
8110780
5677847
7433204
6031938
9406263
8280750
6008733
5342500
6477027
3576024
2397294
1935710
2472584
3834451
4708971
4137155
4221263
3173967
2983547
3268548
4480443
4145223
4218917
3395636
4034358
4164087
4646581
4727754
4641419
6347874
5640443
4663888
10860928
19529098
25773786
22888030
21823653
16444912
6852645
5254126
4276474
4471504
7546178
9468442
10009770
10986146
12149664
9348779
13950791
21004252
10852385
9149778
14271081
24068313
26010889
25938344
15044224
12340991
4476867
1233880
5315104
4986208
3732674
3159816
2970178
1684512
2246695
1414256
1718772
1627507
1864730
1490363
1572787
1129301
1299503
1032076
1270620
1258136
1510056
1046763
1197441
814971
920355
749732
2183898
7708568
14142583
22125449
29072750
35833807
41512786
46096672
47379067
41973065
37425452
33085255
27858601
17339638
14844830
12086811
7960253
6255464
6576286
5899116
5622101
2575977
1329423
2831103
5708795
6585181
5194264
4694743
3364994
3512680
3134750
2611608
1992025
1353477
2319169
2113135
1907502
3646320
6136442
4858109
7478918
12712501
17871060
23673163
32663632
37765349
42609425
45516105
48643815
42385232
32677107
23805320
18749553
15871640
16901408
18214363
5502405
4337923
3212361
2542140
4522659
18458961
34092996
26538289
25655169
26626649
20947848
12394686
9670155
15525700
18314240
12511204
2460441
1150299
1242662
868684
1332981
1030864
1125874
1580724
1700823
1416334
1609436
1063303
1099971
730658
1038380
958825
1498372
1268236
3582793
16559168
24355839
26940886
15617054
5492000
10469960
11229649
14598894
16292597
8675561
4428474
1702658
2373739
1651309
1038876
1231641
927377
1085295
847796
1080635
885784
1122203
1088700
1374900
1246552
1458839
1313835
1413713
1146539
1327030
908271
1011408
732367
921053
802351
1019195
828056
1007091
856147
1086524
835879
1051956
727893
931122
675937
881527
733813
918321
659460
3361195
9118969
23774980
32281041
32220378
34605108
35604919
16028879
12535248
13624970
17368351
24715070
24188681
24479516
27048127
24797201
19329203
29285485
36861258
32154522
21425303
18792430
18025812
12025951
8843538
6327909
6370769
2891087
2345242
1675641
1895556
1401459
1369777
1091757
1314008
878597
1089950
866016
1179662
955932
1220252
1064315
1275818
996053
1235068
903542
1098886
771502
983465
684117
891674
716296
941600
756423
1041914
738561
945546
737746
975127
923473
1309304
2873229
7904403
16005644
25730326
32769339
35893866
35672437
37779778
33837559
28462568
27289568
26815508
23830827
22424107
22255093
25894422
26691922
21432313
9877149
22636579
33658238
31239079
28640867
30811676
31487463
31949041
33652023
35199661
30294756
26867037
24375905
13429676
4256026
9487886
1702077
1980757
1762759
1681367
1086037
1232985
940437
1264312
1096421
1272226
929739
1120620
784920
975024
700835
892892
659840
861384
692298
919638
676362
951847
770018
1004745
1051523
3614722
4111955
5215473
3925105
2594432
1719980
1978591
1560777
1650672
1084002
1183664
866140
1071254
884822
1095884
886556
1105200
871997
1074155
907751
1135712
964068
1111897
796855
1029858
842590
1186005
1041184
1212634
844816
937394
831403
1115096
929932
1150026
918869
1125148
879545
1128604
1073324
1998280
3262277
5491494
4303428
6273546
9787409
10187813
5398395
4922408
5588589
4049752
1265121
1299647
1099546
1322064
1013970
1280496
1352419
1647193
1043957
1111677
986820
1220464
1141069
1563899
1273486
1504503
1087769
1237621
1186825
1220978
989082
1338737
1022384
1149689
822162
1002711
870310
1064050
739620
984021
721619
919785
745208
922034
839414
1119101
1389845
2566971
3266637
3073690
2037723
1585798
1291612
1508837
1375569
1502153
1284159
1590791
1323399
1536205
1380477
1619634
1221865
1310801
1045009
1136231
809304
1015695
904656
1107710
797206
961385
669545
892263
701758
951785
849492
1033814
838988
2308942
1799589
5086853
12549002
23990630
32398124
40431344
46827225
51188781
58159741
68248175
72943572
74762827
74118092
65834276
53527768
59964191
73541093
83379476
81109459
75474942
66646616
59728208
55413600
50255051
45824795
38746058
27048659
29152784
26918449
29748732
27470741
26039595
17837317
23859663
40119519
50814654
54680766
47899037
38680377
17972045
22268152
43658184
52738149
64569148
72354048
82330601
83748003
83724289
82281459
74117948
66864889
57846201
51564074
46227222
48190944
44142265
27312022
18667165
14000447
17513585
8313666
7392633
6419162
7898666
7970101
5796822
3023529
4399196
4422369
3764908
2676199
2779617
2639963
2562984
1278013
1922350
2449752
3376097
4743380
4415784
5468098
7768815
7706636
8726793
10369209
11018348
13136949
16437325
14501075
15925278
17028633
15843138
9406799
19492196
24816927
25833350
14272483
3639162
3701766
2438912
3206159
4073938
4400089
5478365
4949669
5964611
5685913
5701624
6889597
6858829
5933824
6301797
5269334
5518424
6579519
6082326
8490785
10258729
12421058
15347697
12614958
11854415
10200454
7763208
4661145
3122077
3889395
6180770
7638858
7281266
8092763
9316590
9777335
10165963
10276513
11172011
10341391
9143463
10120209
12328658
10354092
8521033
7307749
4925465
3804851
2331094
1583207
3444770
4040328
4492482
4492653
5265207
5472384
5424708
6188953
5565008
5698611
5288477
5473240
6538482
5365841
5892833
6758942
5783661
5499244
6056596
5569705
5594938
4811653
4421662
4158281
2317475
1402648
2322445
1316850
2268668
2549687
2945342
3218263
5168186
10293377
13688495
13183668
16309892
16278894
18497094
21061009
21618095
22006337
21967696
19070497
15158468
12635326
9125273
6335768
7258854
7263304
6845281
7285583
7616302
8858002
12842954
9261077
5374720
3822482
2911303
2974986
3909433
7163429
3435995
4413757
6885820
2561916
3666770
14208350
3042177
4239109
5203034
4089751
3962838
4702271
1889385
1638945
5253428
2346936
3278316
2903155
3071807
3569193
5161701
5721348
5191041
4398988
4954486
6796801
3558074
3195879
1865431
1514993
4879505
6918372
9541762
12006222
14547153
18197933
21279113
22109124
20772445
22314585
26715117
25163541
24474372
20704694
17030467
22624099
19079898
10010293
9342407
4593887
6659908
8573632
6490772
5226532
5052986
2115560
3276229
2518612
3442303
2814847
2541995
1789822
1938095
1728078
1641405
1116015
1283690
1119561
1353081
1639324
1556167
1108663
1968810
1198135
1327293
1136373
1527585
1429373
1665995
1830568
2544772
2246711
2305586
1633462
1487085
1594894
1633566
986880
1294210
1443917
2357603
4052379
3887814
2471872
2008346
980285
1058300
967901
1471270
2575832
4883234
6826702
9822669
10087038
6066434
3238376
3501940
3136330
2211769
1762530
1604714
1248699
1470281
1335658
1678278
1542695
1393596
1725676
2020060
1354089
1309748
1156083
1249943
949528
1286221
1248188
1221825
1546755
4287697
6253400
14397003
23761720
27139611
24828430
16417849
16593517
16224671
16498231
14439373
14751826
17057589
18715317
16517390
17068265
16550168
20143313
22226567
20209721
12458163
3461897
8272301
10612702
12729551
11584577
12405137
10344927
9249166
5789739
5625296
4713277
3674553
2740392
3395726
2841432
3048892
2263512
1565924
1507083
1844790
1826395
2124183
1800576
1810253
1023002
1246812
1013339
1249680
1067825
1280906
1127118
2368133
1663971
1333822
1136684
2871326
2257292
1754158
3072398
9088363
12349198
15084959
29154680
34263432
8533977
4559487
3362158
1433854
1295951
1382115
936426
1173583
944582
1187737
783035
999304
766700
968049
852444
1059544
807777
963474
717577
1118194
1590499
1478685
2439216
5451217
5736446
8180351
10490249
7915376
8568555
9269101
7263185
3416984
5229252
7476113
6821638
6051175
4636800
12532720
7662533
15240995
27960131
34412661
36328661
40057627
51425320
58199351
59628962
57752992
58703452
66982143
67334088
26344691
42982917
62614997
57328957
56476260
51524636
48986824
43578765
40876638
37459648
35900942
38034870
26636937
9953926
9864847
13421064
2451311
1893519
2461504
2471114
1821443
1858990
2557984
2518223
3461311
2924188
3694899
1728194
1961822
1407218
1768821
1548338
1672102
1393240
1498392
1155209
1212420
887600
1067979
761146
954940
649405
880739
958667
2728702
2836102
1486618
920989
1109334
1033082
1386782
1269409
1440285
1248261
1423327
1807127
2079727
2120887
2003840
1442576
1506080
1213670
1330057
972327
1066838
694222
887535
791283
984034
1058531
1867667
2279830
2142078
1591169
1340833
948143
1178271
1590965
2666583
2194600
1326089
1011611
1261004
1410062
1677868
955298
1007514
911811
1181172
979892
1330662
1640559
2352429
1991423
2200727
1876666
1964516
1705159
1803324
1377712
1635787
1319569
1480637
1064511
1178157
848075
1094397
875114
1137996
1015807
1236311
1047787
1291083
1210175
1559183
1439989
1781337
1531576
1602427
1775123
2016783
1716041
1979791
1962399
1974075
1678504
1736311
1624401
1740972
1571368
1563130
1413921
1552434
1303747
1557200
1232038
1422220
1172069
1322346
1105558
1489080
1317840
1561035
1395991
1596947
1174011
2614945
1073404
1172861
833821
1018730
833363
1004965
960174
1237902
1155579
1599995
1494062
1864968
2180212
2774849
2955083
3477059
3261479
3631711
3791403
4265978
3963074
4076387
3692308
3831700
3142475
3181127
3008831
2985511
2450904
2591615
2147321
2211321
1801699
1982459
1562335
1637884
1011766
1119542
833124
997835
758156
959436
845841
1172831
1246235
1735685
1703003
2159019
3117230
5400391
7941283
5268555
3371804
2371499
2718044
2311744
2920692
7896734
14167322
21117476
30268822
36631870
45131073
51207738
44828999
36289305
31217659
28149783
21743811
14161375
7322339
3706106
4448171
3897734
3053195
2111013
3927244
6328786
5900933
5649851
3363489
4384143
10867569
12228419
10529781
9684154
6755482
4416308
5440780
9328213
11853726
13973995
19059710
23714396
28959721
32027624
37543414
46485729
51919894
42463246
35529709
32475579
32083352
34113998
28937346
20887198
28590424
13279001
5899283
3913082
2990970
2578231
2291247
2414744
2396459
2104728
2252225
2772035
1774226
2828121
1478597
1653736
1173150
1612739
2144086
1589646
1934746
4116775
1671386
2039504
4195465
2189589
1482058
1890977
2319237
4414003
4821920
3329735
4525102
4289390
3187499
3298877
3038620
2758250
1962217
1531152
1029927
1169186
834069
1063443
836696
1056110
837858
1887642
2847701
2823695
1792937
1843646
1415439
1234322
922484
1105324
887207
1111464
1006926
1195147
1238757
1416088
953700
1160628
871376
1059244
891479
1081873
801340
993369
787899
1013372
815953
1018201
773383
951821
729701
900108
713210
932421
760842
948400
795481
982580
888587
1005402
805367
954210
760983
950064
742355
937691
742185
907879
701365
883782
698600
869231
713266
881541
663720
867344
704874
886200
734238
927431
754135
985803
718433
928936
728169
935454
718639
893225
702869
906150
748559
921934
774670
953563
764294
957522
737075
916879
714704
984104
832965
1018296
737832
954577
806478
1040051
854569
2367224
988509
1096555
795923
996611
748431
953766
745696
945993
714117
931321
727584
965656
780353
974048
708994
912186
758391
946232
814991
1009156
821094
1000966
750941
884802
845922
976704
770735
927340
709739
884769
756357
941080
786237
1023523
884577
1078618
831642
995778
793836
974113
846880
1027674
962558
1239467
1118710
1279980
1083742
1189341
940425
1140186
764216
1003537
771021
983522
826504
1003760
786811
1016922
770923
1039549
766884
938625
722558
920834
800864
993459
808849
980126
712850
900941
722737
901485
789200
1022375
850133
1049932
1169933
2032805
3397033
6397184
8946953
9092439
7140383
4580380
2201747
2117387
2176538
2432516
2220588
2507753
2007349
2079005
1821352
1890470
1728721
2239156
2256785
3052520
3365110
3927209
6783269
8419121
6859408
6465646
5814618
6642060
8130902
9249151
10312000
10376484
9223220
10100841
9238020
6771298
8127780
8533333
7836212
4278910
4384139
8102160
10959552
12397324
13281093
13695653
12203582
10080775
11139397
12615143
15608909
26739813
22165027
16820650
10170543
4838237
3899770
7643290
8250178
2882116
2399448
1454127
1135416
1481490
1285608
1329737
988811
1075136
767953
934888
788605
1012867
857362
1028947
769154
937018
717371
886971
686491
891606
793370
957371
749860
957904
701197
936084
707581
940221
739496
925312
753308
949147
810026
971874
814638
1044625
837863
990270
825607
994012
747467
887206
727437
899564
741117
953973
722177
948955
777936
943696
738130
920522
750876
955881
783785
1035165
810625
1009153
754943
949345
933699
1138334
1007362
1243646
919997
1054077
1015765
1331587
1294903
1406533
1211054
1270891
1062730
1337412
1433898
1651509
1962148
2791814
2724677
3144122
2714928
2404757
1615437
1677425
1533935
1643511
1033373
1035806
928926
1074830
949695
1143690
916880
1118933
948711
1176416
1031245
1115630
856300
1029422
817085
2220037
922517
1074246
801269
965640
754017
948883
757163
946521
825461
1095759
951195
1312513
1435449
1275809
1226782
1341197
1715305
2607730
1283930
2410596
2483352
3906758
3652037
7223118
10293839
10403550
3511694
4137219
4148309
2690429
2043813
1524339
969328
1094854
916387
1159577
1335197
2042686
3042035
4685065
5069124
5677587
4476548
4392895
3922826
3651392
4149097
4498064
4059521
2685192
1451970
1606748
1347840
1300502
1918232
3089013
5106478
7200990
5290543
1634885
4321528
6395772
3010256
2124542
1136417
1358307
1116163
2198548
3691405
1778261
1570933
2220446
1687137
3820217
5405632
3505767
3797541
6475166
3345025
4660697
3706848
2810021
2132830
1620521
4530466
2393526
1458998
3243950
2949946
2264299
2592712
1678754
1107446
1198481
936547
1113244
975454
1091046
868688
1024806
777260
962328
743182
936560
739036
960043
808749
1027302
872008
1028973
850063
1080281
865780
1074160
830678
1001055
754070
966058
989667
2445244
974535
1086555
809240
1002706
835782
1067262
877205
994110
873210
1136826
1091297
1291993
1028079
1124458
891847
1094541
994966
1326023
1262136
1637055
1413769
1568632
1326163
1416506
1194153
1334988
1099501
1349155
1054714
1302036
1048206
1373708
1323290
1865351
2265597
3272110
4295825
4587050
3824800
3538233
1950096
1594011
1264933
1731413
1089645
1186161
932204
1059078
899492
1084524
891601
1034275
841076
1034171
766800
987850
814587
968947
879634
1087432
808905
1014997
826837
983288
768275
937506
815224
1017195
772938
1000669
827830
975392
858310
1027175
924250
1164314
1123949
1418620
1293401
1432302
1027555
1124143
1366193
2450174
2669382
2497180
2328224
3899749
4730388
5437434
7719321
6174199
6224978
11384929
16846234
19375148
14405329
9420288
2547242
3801904
2378869
1919501
1319361
1593888
1322247
1462400
1051744
1262776
1018844
1311667
1141328
1526155
1560978
1827341
3732241
8262401
9119895
8701332
18182050
24143914
29742154
22173465
8448502
10786826
17970424
19771477
21120968
35535806
37138800
36017139
32485806
24509058
22831001
12701578
6873137
4305480
6069269
5973037
5748993
8352182
5806180
2696508
1962375
2088778
1736081
2293673
3052726
3911369
3835562
3127263
3277952
4057145
3419402
3127712
6352892
11155748
5720096
5829832
4636641
3694052
2595092
2505221
3176326
2341460
1906223
1608318
1214275
1495324
1320713
1310805
1441777
2079290
1634825
1381920
1195325
2006989
2200612
2690595
1459708
1101212
806350
1086354
1173839
2180249
6136676
9097352
8455316
5855173
2233342
2460332
3163336
2508307
2172800
1968937
2269582
4275795
5775983
5628627
6221571
5612644
6951770
13879728
21665812
34895568
40678169
36129766
33722677
30583841
31690335
32071476
30394511
24837479
20482045
33537430
35776671
33078063
26035005
24651519
25583653
27297699
30074338
32559410
33717783
32758622
30373931
26275840
22417390
24377816
20581742
5921841
5027350
5986639
5190253
2259139
2528196
2459564
1865612
1848385
1467497
3095293
2108244
2536048
3455097
4802866
5064364
3129644
1897769
2851588
3867198
4295641
3644058
2551518
1952074
2018744
1292586
1529502
1839653
1689697
1044749
1083951
1063862
1544315
3791295
13236110
28373988
32590229
31589099
31715238
29678698
29943142
27014171
26180057
21161482
20048438
28891505
42225758
46525797
44482670
42698580
41506179
47177048
47519436
48178406
48101394
34411688
19206847
12917194
10414594
9093663
13220827
21658153
27018682
29809690
31518665
36221806
42830351
51535993
56490829
57968573
54250745
44942869
38847503
15986170
21758862
19892929
14104235
7594891
6392191
6118927
3305013
2327666
2194349
1827867
1852550
2045925
2853163
5014239
6665867
5627570
3440749
1937568
2390234
2405874
2251239
1871841
3423847
12280090
20302001
20206988
18485805
16552657
15540468
13905760
13784748
14245256
14851459
13714538
13226411
12404930
12624268
12994321
13929259
14072731
13855218
13043813
8442877
10717895
11809015
15939032
18456265
17488251
22101749
24660713
26848762
31852315
41410282
54468543
59663716
56348164
54556117
45422878
41291636
41036692
42654176
36590752
32785315
23478862
21902948
19878133
21615718
21328832
19602495
18159519
20574388
24615608
18493073
13751843
13209549
16456728
17301882
7153730
8008164
12266437
12772695
4739248
5328997
9146575
6846896
1872969
4057054
8122809
6222654
2685999
2308282
1638076
2266702
2134322
2357495
1844844
1743113
1462983
1504450
1060610
1332264
1045242
1120075
839601
1267424
2210996
5826101
6871435
4601620
3223913
3663577
6627848
14305208
20048815
18626429
17395986
13545000
11307327
9853779
8353706
8657626
9032143
9290161
6890600
12071248
16020669
19148359
18808149
14761041
8075636
4574496
4741478
6866343
7617618
8940328
6532427
9172356
11436718
13561673
14898930
13405653
8512859
6881984
4048007
5576170
6972836
8783166
11214061
14608740
15933806
15904594
7994761
5480926
3569850
7850906
2935964
1695299
1563423
1537805
1026799
1145437
1158230
2593244
2902263
3159995
3701635
3411980
1924981
2011114
1843818
1474166
1467427
1585356
2487628
4101914
3428367
4593225
4117546
4716281
4122146
5726179
5988442
6999606
8463347
10298756
13087438
14399380
16215129
18935896
18864751
13717066
8193699
8839157
6556692
7176794
8425358
8021078
6911023
8045750
9912121
14040054
12849212
13589511
14641347
15087006
16364954
14825613
11380885
7616812
7439997
11763797
26998161
37728833
36340181
32763343
32235090
35543695
34911607
36034056
30213692
23248761
26083667
18629024
18667786
26491972
39406704
50653764
48431452
47770904
32405879
21900562
12912024
16641690
6031934
4053941
2881538
3793869
2345035
1944267
1352921
1398352
1649765
6887672
12108024
26635313
49428294
58774315
57229703
56240613
63684752
70282928
76848326
75427409
68416591
59081930
48274917
29218822
33174551
64530662
84550413
86644186
75947130
66285550
34535511
16183520
20321868
28086001
27922496
34475388
47432664
60875381
58740300
53742712
46719284
44685020
32024807
29820119
32804241
38739813
42726093
36416834
33196577
45688842
55149908
74031314
82961594
77645755
59307159
43746844
32768403
24532158
25325792
38956092
45105174
51165836
49633420
42404875
30031828
22554800
31609658
37160263
30778318
37743643
53124216
70961900
82892831
90387716
91725086
76126194
58638466
47457263
35814534
28462583
12996096
7240848
9091598
6803111
3468029
3000908
1263974
1802794
1690295
1747580
1162894
1380624
1013542
1200633
1163858
1377136
969538
1258543
859095
991917
825570
1022493
764951
1003269
746859
999197
795676
1033813
851492
1131053
818209
1046437
743003
1008703
747739
969125
750931
992029
831651
1078586
1073942
1555645
1812363
2188218
1629773
1279059
918066
1122802
948384
1182817
1044905
1211487
886233
1020031
787953
998043
686471
851314
929582
1223631
980152
1058071
825108
1131184
1187342
1499227
1424951
1594545
1184164
1407072
1342080
1628226
1213383
1331687
1253007
1408703
1260934
1451340
1059457
1194408
829249
1000086
730090
934385
738801
904771
737466
922179
774494
1033675
875697
1036888
839532
940819
754617
971920
833663
1081925
1239713
1788197
1453069
1626050
1200438
2637967
1310185
1702628
1979851
1939508
3361845
7032547
5681646
5106371
3775624
2375615
5691986
13021905
13644930
13514314
8426815
8888814
21504646
30662717
39106330
44401909
47116012
48123100
46443204
54125504
49263332
45865136
44436703
44491153
41881385
37034146
32344027
36638857
41777891
45467173
47148952
47968031
45309313
44791309
43629490
37258518
24082364
17110915
17936821
18479614
7025693
3120776
2355468
1474630
1460723
2822438
3393148
3708787
2765383
3886352
4185396
7992091
12869723
13626452
16133820
16673399
20618385
24505866
20604263
10501073
6959258
9311624
7058992
7879694
5288160
4852841
3457939
3549569
5606562
8016095
5335923
4968220
7633562
9419445
8054430
9262103
7682824
3214591
7535783
11603201
13716561
19260116
25153838
26561029
26980129
24103358
19272629
22022253
26679963
29630257
29714120
31488231
36877775
34385842
25682351
23254304
23082505
22450855
22894750
23048942
20471107
17027450
9561444
9658000
15328043
18457735
21639150
18905477
14815152
11836300
11417238
9539647
6647433
4636241
8806865
13211163
13234433
13072777
16135586
20619278
21987167
23226206
27746145
29176881
27928113
21751545
11170783
9188204
10460940
5714400
2491215
2539996
1174423
1004461
1122438
1324420
828124
959779
820931
1532722
2358334
4069683
5680009
6177486
5290607
3863955
3563945
4240179
4463928
4428149
3007431
1814414
1351728
1890950
1875068
2017465
1559159
1428157
959697
1146446
937463
1229917
1224258
1537655
1548993
1716963
1164042
1200162
900813
1847257
2181414
1695794
1157970
1038056
1198012
1507962
998807
942237
703831
914618
777546
1027235
771064
1017879
1058647
1472213
1168801
1337290
1151618
1411674
1389107
1664181
1194747
1460296
1244987
1498959
1331280
1661659
1323608
1564028
1056905
1378708
1021758
1259320
822033
985513
710144
917422
716830
950319
878636
1252054
1500932
1651689
1335744
1383292
1229742
1359809
1215829
1735885
1767648
2378635
2830293
3047064
2456912
2138478
1279665
1221074
935236
1197492
1750528
3861772
8648109
14002822
19330403
32232305
38880904
41939339
51425514
57376101
64321865
71595998
73189815
71319853
57219616
44603053
37978465
44613602
43569341
28723197
22013132
22256540
32245969
34775590
33533967
31313442
45467406
53422856
56619429
59980040
46737375
34523722
41790933
47934094
50028510
55410794
56697152
40900460
38880845
31226949
15986176
21914727
23167413
22003668
22398680
24619774
31755822
43890584
50175796
65256975
68264722
67390750
61944775
57090050
49589188
47788876
49377936
50607073
54576592
48409015
45913941
58350245
57307788
36991660
29743814
42600868
48334171
46239694
49921617
62444801
58016896
55897689
53497506
45672145
36788442
39571479
41927184
36147920
29807950
35537064
37177585
35824655
30324040
22074893
11533878
15587142
3923515
5741731
5412496
3694205
2378409
2135518
1804212
1987319
1944775
2410152
1958211
2038640
2181134
3682069
3291453
5930172
7637470
6583298
5894781
6418775
7705801
7722652
7670825
7281952
4788570
5421547
4617666
3447910
3266477
2987410
2851519
3714874
3379646
3194864
4059726
5943573
7378585
14300180
28118290
36806755
33075587
29442286
27464265
24639877
16991465
11958846
6653319
6119127
9736570
19208096
36427509
42009886
28986133
22284212
17606254
7416804
2992011
1863332
1683819
1908226
1620326
3003105
4322316
4369628
2895798
1592847
1320142
1344518
1239589
1246233
964354
1243882
1173655
1351365
875737
1049690
1191925
1482880
1570860
3073631
3441439
3598198
10368776
14837201
11578212
7036535
2676063
2155655
2746344
2176757
2031843
2363351
2233764
3045698
4806430
5378492
6908219
7469506
6568802
4700373
3005617
2978386
3302025
4148414
3718980
3204916
1502845
2068067
2813180
3331071
3292123
3653503
3180122
3320525
3228943
3722246
2948317
2242629
1611177
2089363
1939176
1909076
1602206
1839065
1719560
1440858
1054704
1173206
877107
1118348
947955
1388539
1016350
1416221
1682881
2195769
2436000
5501904
4098400
2673891
2554299
3682418
2921859
2146985
3146113
1936598
1809281
3104220
2750484
3331852
2572332
1920554
2774405
3388228
3244744
3474434
3399972
1529791
1098445
2560811
1392441
2032302
2274506
1645297
1319455
1439058
833131
1201838
986256
1121432
1251528
1962692
2642245
8797524
10809654
4850302
12840423
25136476
38148062
28395517
8604368
21297993
18248907
13236066
6061104
15612978
19420616
21511288
27941595
25918853
8571293
12252441
17612084
14036859
8447279
5606357
4826031
3678555
4862190
4353537
2440915
2163564
1990296
1583017
1398843
1540168
1155341
1375005
1392845
1232860
1161685
1537737
1128396
1601070
2001563
1876843
1933458
2425211
2149223
2873836
3317164
4261765
4032048
3691418
3123360
3670304
2730941
2240342
2588561
4884763
9362278
16062246
18002242
18699556
21281353
36447913
28759384
23493241
28812665
24381914
24556562
14559742
14136314
9060385
9961953
10246329
4208606
4265823
7176533
3180084
2161202
2529476
2428431
2287393
2065080
2124430
1508344
1544212
1207912
1071821
729469
998849
977640
1579466
2915023
7639881
17893680
24011315
23857646
19997806
12745174
4338237
3281083
3697104
3247971
3475326
3072547
2182279
1362280
3137931
4480396
10850043
15845203
18895663
9456558
3976222
3477261
5043625
5596146
3074367
2406760
2715016
3294320
2658325
2371077
2560860
2006088
1835295
1421050
1456256
2244957
3166504
2190276
1973681
1212473
1203548
983737
1195149
970209
1263054
1139803
1355976
1141267
1364260
1213379
1414400
1270477
1509059
1256541
1521966
1232069
1249752
1015496
1159948
799815
973227
784013
1007017
944782
1201020
869278
1100466
928882
1011620
817086
1059901
864160
1074218
812642
1049827
811337
1003489
730200
930090
771549
985230
777890
951333
847323
1090683
976783
1271042
1021347
1232163
936419
1169005
883593
1003089
808221
989357
772243
968612
785334
1007155
710804
877588
727172
907654
707428
923024
737607
979547
753221
978236
747275
950298
683439
910862
666454
926119
715860
906725
774029
995403
759695
931933
686372
925235
713903
898902
745155
952126
735826
899745
677756
889760
689968
911977
658968
2700072
2564766
4200953
4132890
2469131
1351732
2912233
4295307
4684217
3034536
2105970
1302836
1727919
1428372
1444070
1302855
1421112
1161167
1436379
1422598
1447323
932504
1301000
1213839
1978433
1858706
1833113
1401574
1700733
2736697
3189753
3936753
2858748
3882555
5916200
5569158
3505558
3935729
5068181
5761507
5100747
3053113
1950899
1899347
4985340
7959465
8683404
7023860
3475951
3227014
5097751
5232589
4283186
2558051
1486081
959719
1549004
1431468
1257408
1376532
1835916
1928383
2179476
1457203
1515045
1066836
1245094
936370
1111973
832890
1022801
797304
979279
834489
969982
769770
943534
747024
1084221
907526
1932604
2689194
2741533
3856627
3790305
1461768
1606178
1217430
1960148
1861069
1998714
1518407
1495515
1157842
1374591
1668570
2689582
8188114
13025507
14744571
15096817
14304923
16315924
20244035
22838427
22219731
22041759
21184932
20595610
19619337
17237957
14617028
11898045
10608170
8738100
8821576
9075934
8865095
8001975
9972714
14691633
16760591
20394724
25339344
26979267
21632883
20324758
20468962
17757086
16093612
10943305
3614183
3845891
5462094
6368705
6208006
6976609
6572759
5824109
4528689
3425275
2349703
1867256
1150539
1522348
1784498
3049913
2533587
2530135
2109551
2418984
2621128
3952865
4401223
5045021
5210024
5646491
4801443
3369104
3108827
2236276
1869707
2117078
2009871
1828984
2166415
4268771
6757828
11419950
13298784
8879100
7723377
11131640
13381786
12214658
8831287
8029823
7798026
9674277
9247390
8633396
6118808
4599087
3248507
2709462
2508550
3173567
4783194
6639032
5826257
3110070
2210774
2232768
1345389
1967017
2448856
3984086
2948816
4000505
7877399
7161710
4180342
4012465
3319159
4277453
3727346
7801798
6397610
3043589
4493263
4330156
3345053
2436083
1487535
1688309
1368436
1340063
1032539
1306478
1245662
1484442
1230328
1527989
1279886
1519316
1348762
1497564
1284532
1540076
1202880
1429927
1194604
1439003
1261236
1837918
1709272
1734962
1352308
1257585
1353347
2825262
1321532
1260063
911288
1193606
1087710
1184836
1274552
1494479
1119167
1635688
1510695
1777817
1332031
1473537
1476649
1671356
1358680
1683239
1643938
1787803
1310358
1313115
1384687
1630225
2092029
2714386
2694369
3025378
2884788
2976774
2325058
2664234
1961617
2176013
2367194
4119688
6767177
8278850
10266748
10717144
8259278
4625152
2117148
3958869
4751820
4993122
3171827
3358716
2658567
1535941
987429
1281269
1841005
3407890
2868701
2290248
2314558
2449099
1354727
1709309
1433666
1565112
1310238
1692585
1701479
1696388
1646836
1853220
2294854
2371542
3341778
2694985
2374366
3875454
1952996
2378743
3306159
2942520
2116743
1687535
1878766
2645150
4106129
6071596
9171956
13136967
14788939
15683988
14660041
11501850
7990613
7389965
6004786
5168952
3626691
2268450
1790255
2659407
4321903
5172241
3599167
6387309
5190478
3818000
3476682
2774436
2589383
3162604
3935081
4112801
3112226
6739901
7599585
5979858
5621407
4597549
4078489
2966533
1822280
3656919
1678091
1916746
1390285
2635027
1940055
1794909
1640915
1785151
1753356
2270901
2086974
2125004
1145267
1823509
1781928
2468617
2735400
2811486
2582621
2293610
913457
1133824
1004187
1363463
1507039
1258881
750907
1004300
978632
1136590
782906
1000237
819202
1049835
830845
1022387
865989
1030389
723198
938302
813950
1287273
1022595
1228436
1047644
1191923
1106177
1771754
2570595
5575716
7536699
6849498
7159323
9529859
9610001
10183447
15556512
21878599
27234778
33204911
41403530
51692256
59041789
67831444
77667662
83510122
88962115
93897698
97475128
95835128
90424846
79440803
80653328
68544109
50808270
37813464
21751809
14381911
18040882
18192006
14054267
10068945
10312987
12266044
13030126
15167708
14855358
14169335
12443772
12288118
11430396
11509782
12326499
14774149
21059801
32207139
42079963
50491200
59135907
58688962
44034041
19441939
30064849
46079611
51660700
53100447
51534573
43916688
36593631
30595046
18590195
4759364
16452744
29053198
33523750
37754167
44822074
48789393
45266619
29537808
12393493
26716177
37879284
42008891
40837088
34764480
23810683
7696782
20927880
34668854
37881193
37300872
33547128
34925172
43525643
51090846
52719121
52625232
52081704
51035045
47383783
42758362
37993479
28559862
15634098
5761632
23358629
35135540
42539531
46559171
49637410
55168313
47495971
40793799
45957058
47068422
41984800
40788065
38556163
35867173
37834920
38179446
36358033
34885489
28720959
15992806
3367485
18015314
33893151
41411697
47427715
52735700
57877665
61151258
56799480
51321214
48867670
35582767
13068874
9125566
28771801
40661275
46358121
51064598
52813118
52044922
47857520
40729130
31970235
21103316
6169045
18174173
28505809
27829728
25097418
13546250
25460782
15337569
9543904
14676660
3731267
8199463
21601922
45354709
64500921
64357283
53852393
50217812
24811384
28001989
47893917
57241791
65959041
65261938
59291399
46612309
29018096
10709209
6117568
13760003
21712070
28749021
31767276
34791534
47058047
56112206
54727255
57025082
56040461
54103682
41089135
19624782
33871882
51307239
58091506
57478392
54747265
49931285
34675197
26896672
43053966
58754804
61260607
64252003
65909233
73146036
88106508
95627308
87597112
80158279
75450613
72872251
47966219
25137708
24641080
7947216
14912201
7850907
3561051
2879991
2587616
2209005
1528025
1731455
2595752
3386937
3137092
2583841
2246795
3150591
2616432
1926939
1560129
1929029
1453662
1551859
1313393
1398820
1007097
1171510
923802
1141102
819123
1022120
715100
955155
711346
998785
1116252
1421322
1198800
1971918
3918984
6217027
6779636
5856737
3724248
1867370
929553
1151991
989673
1471626
1748376
1337220
907968
1638169
1889154
2048976
1411329
1306201
851465
1241868
1460815
1617579
1326716
1550469
1250664
1270649
1127695
1301210
1536646
1599286
1085502
1298042
923764
1151023
789879
1037633
810905
1025753
785737
1035531
927403
1167837
1205608
1439559
1382569
1653544
1391409
1736601
1604288
1824346
1412201
1474328
1174957
1335395
927488
1133819
909765
1094416
743887
924066
700626
884859
661236
884035
689274
903197
591478
2108402
822406
971914
672906
870423
873143
1533618
1799664
1589004
891908
1026158
854592
1172878
2360277
4496425
4922229
4473963
3643375
3464978
3795167
3977026
3446296
3080642
1997157
1999721
1503616
1440597
1141460
1207045
889197
1246450
1347139
1690314
1714783
1956093
1973016
1941979
1763075
1877718
1684880
1839896
1575516
1699035
1619776
1841479
1250408
1306925
1085269
1438021
1955556
1296773
772263
1025587
1270477
1572503
1042880
1430179
1487135
1431810
1044981
1338738
1646269
2664223
3553544
2214756
1188889
1579545
1628202
1491774
1001105
1225385
1190017
1428269
1016794
1100605
873792
1103192
900110
1110274
892459
1059637
847750
1086202
937174
1126834
784393
1014247
808200
1060615
1468001
1639988
1845063
2840036
2961976
3340074
3094946
2526174
1853036
1483397
965369
1110997
902090
1111442
1709767
3873393
6065051
6497545
4756592
2594050
1802859
2032523
1804334
1747320
1294613
1420495
1165549
1437164
1245659
1735713
1511277
3059259
1694520
1491502
1023113
1201930
931521
1109582
916283
1083233
1165783
1655810
1872399
2393036
2209495
1707151
1139194
1356790
1196679
1322904
817801
1052897
797096
987038
938074
1112629
859369
1121769
927490
1156895
816640
1078205
892012
1267403
1481256
2827190
8079454
18620633
35095925
42675118
52025705
69604992
81944482
82792687
82768798
73722274
66673656
58938409
47898626
49242722
55865146
58898762
57123585
52107200
40032278
43296158
50483995
44352469
34139361
42820693
47829978
20104857
17116105
52704653
53511180
38217633
30231130
36129320
30023423
35543329
56363350
73095090
82210418
77037250
88590825
85973471
90187547
98813666
108189863
117185994
103534898
73920511
49229717
41980871
31239219
21940539
20596111
33163932
14374062
5063723
3233144
2611622
4449872
6569314
7716574
8035081
4896116
6974813
9872620
16925089
26177974
24546648
13677531
9147478
7642318
3076200
3881839
13740875
12310147
9130137
6929475
6256196
3546278
3132938
3495787
3600399
1642875
1425865
1000622
1286265
786800
2716754
1601182
1591935
1072908
1122064
1070592
1261260
977527
1039859
765395
1079497
773237
944744
769337
1014373
887883
1121201
1351957
1731657
2451417
1756523
1351728
1563725
1880057
2323574
1642015
1612388
1141839
1462791
1550778
1878056
1667809
1560189
1279655
1538791
1621823
2079899
1601203
1669970
1118454
1194813
1308588
1675487
1348983
1093672
1023490
1584616
1557329
1604299
1083009
1098210
890863
1146332
967674
1148772
753062
986150
801331
1030416
779848
905457
753375
943494
687925
876756
648910
888507
743970
951555
1199164
2091477
2520794
2577337
2120935
1997030
2857028
3638632
2943088
2959822
4004487
7997901
12190566
16286409
21265335
18407500
18167350
15143674
6925364
2125573
2896708
2862700
5195328
12331032
10980376
3807750
4577223
3613888
5134853
2621197
7550357
18056151
22781798
20913802
5335646
3079047
4197995
2281889
2231735
2514522
2956087
3497717
4610982
5624213
6228207
7630088
7102346
6508977
6463325
6557119
6416450
6719818
4485265
4907927
5697228
4944648
4262191
2847497
2719155
1787263
1257491
1729130
2591054
3604594
2875165
2891451
3863695
5614685
8661678
9691042
9172928
8535837
7853092
9479823
11002121
11215843
11411113
9644145
6992741
5004274
2569786
3820238
4647333
6341884
5682977
4721067
3672350
3964436
3517771
5541827
5582816
4758596
3990756
3781674
4293783
4716344
3537032
4188426
4542474
3701053
2435266
2405950
3205542
4820204
3893411
3911358
3060776
3741343
4018168
2628765
2219131
2727742
2426642
2112893
1596123
2259181
2380805
2353723
1366242
1164958
807024
1150346
972099
1130355
780995
961423
885733
1359490
982584
1124683
1070200
1242763
922275
1160672
926877
1290992
1043026
1418442
1067591
1099745
740126
974915
712005
1020138
739947
975608
859585
1088866
1204553
1312651
1642899
1806194
2010487
3665409
3274348
3132545
4112221
5062961
4821201
4070424
3100626
2510726
1756909
1624966
1536563
1817172
1183384
1142056
813396
1106897
970421
2400578
1044620
1179291
917188
1124329
1028242
1246424
1154168
1314211
1109160
1413125
934737
1137634
1013777
1195739
1246553
2868296
5350680
7075176
11696129
19016878
23472832
24033176
24648014
30947794
33080178
30475232
31362147
35804890
38611539
38878945
39810987
41251922
39548391
34833343
29160044
22984994
20542674
21161360
24025442
28662319
31660904
34338801
34947776
38087795
39692579
39056314
34447246
30623953
38383455
44587299
45407033
48326387
48365534
44528288
41634260
34679474
26404430
21489770
12631256
10942334
16236711
23541520
29134328
29524488
27163010
26731875
23725778
23388209
24018445
24504008
22312529
16367483
8777974
2129757
7489561
13041655
19027423
22384494
23649665
26754670
26740898
28088596
29321107
27821821
22437269
23955503
16613584
20466231
22010916
22197967
23757701
35317392
48974362
59877769
63521567
52073212
46773512
38039230
29123857
21658031
25113500
31151843
34556418
38936635
38392080
36576650
33667639
29489024
29166937
27992102
28754036
31510174
33486971
36706679
38102964
34428984
28521922
21512145
20043958
26286349
32178355
33045523
30135616
31207247
36872574
47149138
60592902
67118101
70981082
66611569
63964385
46106901
64096713
66149034
56811150
46959186
43527769
46431997
54235014
53153895
59491137
63658957
72200323
81322444
89576971
97775390
98456467
100938143
85649882
68535438
59069113
29691897
34811911
12030096
28008651
14345881
11614847
8788879
9209727
12138819
12009667
10206807
9635926
7174454
3698759
2190130
1743199
1648918
3670564
10093348
16021599
17928258
11423736
3451032
1727241
2469904
2531395
2240045
2404788
3482078
4079490
4738437
2594762
2331161
2449974
2504566
1694751
2081883
2128054
2182199
1469043
2518075
3865309
3907315
2675077
1762744
1595645
1877322
1526102
2593109
1784875
1286419
1210649
1458608
1586345
1970548
2107049
2275694
2957804
5970461
7479241
8585863
8360039
7182410
7118155
20459095
19333683
19076645
15457247
4855395
3816086
3388242
2660316
3690203
3665410
3976949
5042033
5128087
4098834
3147405
1661262
1418323
1425909
1711034
1393147
1281511
1166762
1401052
1029797
2285828
834409
1012848
776469
1033264
815222
1033921
795825
991811
822303
1038666
838752
1099685
804694
1018919
763718
962681
729377
901387
726814
904980
676384
866964
697310
871974
717365
904762
693136
928951
708697
915079
718828
949145
719104
948865
729183
938745
728930
932614
686660
905029
720680
916284
763747
970320
748769
985510
722357
1009566
740432
953493
684264
915975
671889
873854
685747
844444
691770
890976
697514
988927
790283
1006738
795848
1087564
927831
1364739
1238539
1696759
1431345
1588037
1267779
1420064
1172575
1193220
744128
864290
752907
1193942
1819092
2647422
2430720
1572148
958292
1183598
728534
872247
756657
1231391
865345
911900
893859
1418999
1244230
959849
1144630
1578424
2344764
6230346
17118632
22727278
16614113
14644817
10701682
2303682
5791121
16741226
24205055
27632732
29665389
28392491
24793579
19729659
12474703
6224455
8735537
16081566
20977200
25163068
34686485
49854076
25621366
12374446
17363374
10818585
6774653
10006435
8940429
8232026
8417813
7991045
7810419
7267565
7016790
8425112
9427549
9025336
8424597
7980832
7957051
9371081
10125091
11433896
14596659
16455387
15326878
11942055
8224425
4854243
3787707
6558979
9094395
12188346
13863012
14891808
14489840
16308338
16991453
19128520
20148242
19537248
19551812
22149485
20429681
20921877
19419718
10750310
17362104
25365803
16705360
10230989
10809801
10305146
6526997
8742793
6437864
3815731
6420971
12588138
15442431
18174762
22947758
25579289
26403795
22905900
19041729
10114453
13112385
23729296
34350028
53059874
58704686
33539135
29761692
30540981
26392066
21914026
9674139
9225527
11703358
10456851
12190986
14248166
12123601
11311687
9307133
4372141
2396607
2256903
2916309
3483786
2298526
1408920
1136175
1428728
1768996
1482743
1378239
1698492
1111995
1366534
1053045
1303383
1506170
2070046
1768331
1921000
1268332
1460686
2557569
8317600
15320239
24299956
24693249
3956122
21911374
25127431
23258117
6060134
7525896
6267764
3683614
1899173
1524700
1311573
883364
1091748
1122488
2515730
5838887
8371063
6460517
4386711
4275933
4595004
3910408
5943950
10856051
11098139
9070001
3542844
3643533
3771604
1435252
1351979
1900103
2362936
1220721
2719838
2429406
1115480
2988006
2998025
1422631
2709261
5793489
9637265
11692377
9478331
5239395
3864635
5565148
6562469
3744049
2079584
1209078
1290949
820366
1007335
808818
970575
721110
998969
810576
1089155
971043
1456402
1430882
1683279
1316710
1301575
1805353
1712467
1181110
1600743
1749175
1746377
1312109
1134566
1322779
2006934
5322235
8017656
8332899
6661333
4021739
1991337
934408
2308163
6205920
10355836
9958763
4868390
1635826
1439659
1370367
1442008
1344182
1646511
1306765
1595426
1254664
1493361
1070483
1216043
852709
1071246
904091
1078521
780329
1060988
1525434
2131320
1141956
1378545
1651539
1934794
3167006
4562607
5954153
11052756
13859587
15521934
13917350
7939978
2024413
12356825
18554202
20603479
22176340
22403784
12071226
10943356
3019089
5001920
5342354
6218182
14178343
9214348
2352041
3515118
3688525
2720284
2581838
2020393
1207848
1905789
1327010
1323000
942703
1114158
1110164
1140919
917002
1836614
1255823
1172490
916125
2132713
4369702
5271210
3136040
2933235
5533980
9531189
12340243
14890884
15176479
21952040
25699690
23328040
18734404
29017166
30720925
22057151
14345345
20947445
29608236
32695741
28307453
25365170
12618171
8871705
8647765
5013962
3591370
1597501
1235898
1125979
1034107
2159171
7156411
13169798
16526074
21720332
24856001
18556188
9423680
19746235
20720360
10343032
25746335
29085793
22497261
24802940
32703717
31185571
23136768
12457928
5393503
12984662
8222805
3989321
5097683
1943545
1184575
1327592
953875
1308802
1114068
1155839
985312
1316105
1267122
2704942
3479455
4404897
4108304
2859748
2825191
3203625
979937
1802835
896856
1402833
745112
1423769
795975
1183902
919466
1181295
1711778
2846048
2415118
1830332
2835138
3387434
1202595
1178261
1674675
6427846
11938892
15368990
12375532
3744253
15596162
20403305
11900718
3229425
2755986
1857735
987648
1308420
1101090
1142838
825293
1235226
1639662
2397791
3919567
5532963
5327539
4600217
3090440
4940758
5229498
2359921
3340803
2459498
3878738
2170579
3447439
5627842
2570531
4680252
5828029
6879101
6050039
6634526
4796818
9431222
15122099
17909856
12471163
4839533
12999997
14448477
8526268
14062056
18970824
16064514
8249454
1679670
3964049
3500678
2089583
1695655
1631104
1244346
996843
1096785
918633
1060136
930836
1193914
1010147
1128675
743741
951661
742882
1012498
903883
1659635
2123119
2811847
3182918
4309230
3819669
1799974
3006735
7533163
10843107
8844556
3812723
4207436
6111164
9873473
11616187
11603973
7847395
5777351
5244540
5606992
6490236
8609849
6043802
3149814
2801430
2295431
2939135
8477906
12399765
16583345
15971519
13229572
9732509
8148761
8468057
8856610
7485170
5119845
23200964
34870893
26854838
15211253
6271188
4350780
1898633
2421982
2383073
2868457
1211142
1347161
1188075
1511043
3999090
8071621
10915688
12207248
11053728
6994497
3447775
4917447
3611903
2070837
2786428
3765717
1843085
1995441
2497217
2515765
3394727
5133687
4215596
4093935
3245937
4199195
4779693
4283726
15186501
23612189
42681868
22954538
12527237
9756147
4057876
4440086
3742262
4226737
15981545
22650325
18110038
5554751
2661751
3575048
3331656
2359856
2513637
2532698
1924501
2285713
3302239
6784728
9199735
10484821
10363763
11228950
8146825
8793506
7976940
7883287
6268967
4950440
2010318
1878461
1541470
2059888
2081671
2106246
1177246
1337167
929151
1085784
1030664
1010532
1127347
1209540
992559
1218450
1097472
1321482
1669687
2504779
4773846
11573577
18123690
19762955
24526343
21952200
14931332
17079148
20629243
24738004
31755000
33033253
34932220
38826348
37602511
29640072
24175391
21071142
20476419
20422794
17526574
15232376
13961621
12265152
8644518
4100515
3089935
2346072
2166292
4835303
12842315
26077877
34158105
33089280
45588576
54831337
56828619
58597920
55868481
53883275
49240323
43824780
36995568
24313032
19983813
38902175
47331975
38721383
29888345
24144712
28935726
37123597
39003471
38677449
39223670
41085095
43681624
42097204
44611224
38502130
31756951
11502429
12553803
14954739
12083585
8983188
7239477
5736254
5526093
4075568
3153318
2002068
1304645
1411644
1218815
1697713
1741184
2653904
2490570
3019552
3051582
3493409
3662853
4048494
3749210
3966313
3389796
3177926
2490373
3027654
3688553
6572155
9447744
8728451
6792104
7598057
8010774
9907388
9857585
6472342
3133740
4666366
3486394
2391733
1578746
1510197
984378
1095407
1014128
1046200
763424
955331
882718
988238
798019
968750
811651
1081378
1014666
1221987
982492
1054577
967765
1349152
1439429
1714797
2029581
3416709
7331745
13562423
18059064
20660151
19728611
18471308
11044464
6301721
4064163
7285875
8987029
9660379
10032401
8911188
12882455
21162542
23817353
23373573
20247854
14257631
6849740
6238844
7730222
7367650
4321412
2658990
6058150
8120631
8870274
9904486
6825389
6525259
5738577
7489667
9562045
9519220
9242671
10562332
9690882
7998116
6514101
5157204
2909442
1500046
1753342
2744450
3012497
3602524
2893452
3473533
3702775
4615968
4800552
5877112
5467130
6310260
6505871
6301739
6701193
6951137
6810233
7051749
6932424
6405223
7213521
7349698
7436055
6931610
6650599
6434231
6366994
5008428
4567916
4821518
4279144
4008481
3152024
2491464
1585411
1528573
1085390
1265706
867064
1101747
900758
1194007
1007290
1306107
1115075
1342273
1019005
1235680
916516
1082245
930193
1166074
1224138
1818334
2362294
3445946
4984316
11279761
16912549
21862103
22404404
18814315
16449688
14030655
4992250
3713287
4096421
4076262
2334952
4385005
3458009
5584206
10224436
6554175
7488385
9676707
4963569
4693559
4490435
3682568
2712765
2763820
2570078
1899127
1703323
2197745
1308486
1291625
1127713
1289949
1091662
1353275
944992
1077462
885975
1048453
756189
1018889
818576
1041185
711816
950865
711576
910158
581910
2235921
901756
989842
708951
909686
707370
925405
726778
990432
807044
997819
766304
946720
671769
882715
700941
932528
804443
1057908
1002470
1378722
1642948
2006848
2057171
5394625
9163627
12918553
20791057
27784250
27282570
26213454
23275446
22125560
29678573
27318860
24071561
26237928
24645672
17023990
14534697
16196439
15489834
17102923
18440686
19248239
19379705
16621904
17214922
18020455
18839590
21159828
21330949
18639403
8071892
7151868
4634572
3462729
3102867
2718537
1647985
1880316
1926066
3613663
10928352
14287079
12305397
7383023
4478502
3823579
2938083
2325332
4546102
12424573
22983065
31490414
44748060
52504831
59713476
59132917
61817158
68506111
70011411
75213511
73274437
66059334
59315134
58433408
44328608
54281619
64663914
67434386
80521889
82521415
100520855
107721125
105469994
113660216
82126959
50844647
50494837
66755804
69393162
58136281
56781669
46719717
36071507
16215987
27631927
34544744
30076074
25001664
22323184
20542757
16928556
14136429
13224029
19820144
19876682
14494872
14406173
18923874
23158547
29803402
30180805
29682479
23906980
25163075
36115599
56252074
64982470
57228777
42032543
23200558
9309952
8267067
11145943
10820246
7105320
3435068
4204820
9986731
20851062
31151256
49494570
67220253
70923165
72950441
77127787
67546694
54632415
52075687
45700937
41387980
39485420
29777039
21956017
23081769
39491246
53301440
53706400
39278734
17240988
39253076
48029086
45333263
32378586
8815165
30650536
44902626
40538467
21420387
5433286
21014046
21339325
11124790
12252251
23046418
25072018
18496824
9901901
5542212
4878205
6555705
4006287
1916862
2021593
2803962
3065283
5638335
9346924
12707799
14837248
21107367
30800414
37456752
38305904
39991826
44975350
46602657
44463993
44147900
42149538
39998261
34633642
27295345
20719589
39647743
48808216
58807394
59130742
52335580
45962082
37889737
31395697
29422728
26797018
22185230
17605203
17449503
19015609
19568405
21605183
21322628
21133802
30172586
45284399
44679734
32681519
20255133
17049273
21282043
30860348
36480410
47361572
65603622
82866140
72779096
74381109
75738392
65190634
43513712
40342238
42112925
48681932
54125164
57125622
60311923
40331309
26628498
20854630
17302002
7969330
4247910
3902769
2648407
2280211
2713439
3443271
3576618
1577770
2167975
3497820
3762078
2760241
2177518
1380821
1620037
2082297
2412959
2137023
2597837
3707604
4753840
3672337
2952562
5339664
3859926
4065577
2446204
5244778
18852502
29754727
34152138
36111737
37436402
31438305
32187827
28123191
35847220
33252275
25511321
16411608
8730277
15635640
23237678
30420181
40226331
40449327
34269853
28421424
24550314
8318950
9612012
15775985
3988283
5839567
7277505
5375016
2593834
2323138
2557839
3110896
3526410
3382203
6828387
8818755
5707380
8035167
14043465
12228644
8852628
4823576
3479310
3482737
4639903
3914460
3263790
3373473
4986881
5778437
5447253
4404256
6665217
10285994
10015540
6082251
5089591
5329335
5562491
5244288
4950134
3814106
3140146
2141259
2011673
2175059
2692940
6191081
8123557
7149764
16535908
17281021
12985215
8035312
6215020
9876756
4923317
5541721
4084754
2421140
4397173
2500170
1957235
2893846
4482022
6306237
8270657
5799635
2438503
2154211
2618771
3616003
4328026
3256219
1892521
2540016
4044548
2547321
2906903
3186295
3114847
3931876
5705471
5030512
2170453
2152842
5778280
7164157
5623197
1888543
1995001
4810671
6857506
5753192
2166113
2748683
4983816
5868017
4568320
2091858
1922664
3170440
5178583
5186276
3264617
2695335
4041026
3398865
2926515
1878375
1869404
2534941
3412023
4162090
7659415
8377110
6896648
4487739
2360583
1491515
2263979
5876275
10724198
6919425
1550388
5693113
5328015
3682568
3615995
2153974
1425412
2140465
3769899
3317843
1972380
1946860
3248320
2425063
1808713
1107403
1481750
1638467
1611267
1116265
1256681
951755
1144939
775385
1025788
922140
1234583
1148128
1351215
794530
1092951
840204
1115331
784351
1081501
1975470
3936796
3512073
2350995
2409802
2662997
1890385
2400317
1744262
1629696
1727403
2469422
2888565
2502942
1732795
2236695
2122007
2229367
1523010
1600166
2140128
6101221
6207794
7163939
11053426
12328307
6532552
2238301
1991523
4498620
7464518
9183645
7364666
4621677
5653437
7468886
7675872
6453003
5082759
2267052
1660127
3037422
4683193
5035984
3297683
2080597
2009475
3116751
1149221
4122664
4970422
2988863
4427056
1869766
1015714
1709622
2196237
2010086
1057583
1231416
950250
1086826
768436
1027723
894306
1483347
2072193
2532199
2302506
1659551
909622
1640548
1909928
2100411
1307652
1131136
