0
3337
1106092
1123768
1011319
1034411
634809
813195
543484
820309
560818
802703
600426
882447
688087
938397
844137
896605
708390
894634
840090
1272205
791474
961021
812210
957353
826640
977245
929817
1046817
800943
947808
723461
947388
816674
1001150
821880
987218
761222
942897
781971
958309
795807
993525
771417
1003026
790255
984734
755757
935194
887575
906237
769458
913615
747392
910224
751723
932860
747080
947309
759353
952665
893435
1078336
1135930
1363890
893597
941946
832691
978555
840069
988015
763228
927122
745002
931190
785972
986055
825242
1010083
831088
1043515
860520
1150386
1076231
1233906
971968
1005733
855876
1074345
881072
1068408
907084
1059682
836099
1016464
763097
907848
803939
1000983
848270
1064287
954363
1116649
878653
1021490
783911
967905
745635
912147
760902
994990
1009806
1749597
2107122
2640114
2216000
2094298
1459629
1420068
1049357
2570087
1135611
1252241
957124
1120288
852545
1011726
753944
967198
922285
1127854
888294
1032875
1007203
1192051
991483
1207557
1204699
1334936
1171632
1291202
1040972
1348417
1097272
1086464
777014
997833
755616
961926
764012
921146
778445
947521
765515
957472
715647
886228
730152
912011
720693
900777
727915
886737
714279
904858
719144
908085
767864
976546
776887
953743
703847
870674
741709
917608
753895
964620
826294
1020695
1017467
2962146
9092905
14995047
23113453
34519741
48883052
61977746
69372520
70735464
75002883
84020092
85232385
79839828
80465941
74060816
62318638
54933463
48104406
42763979
38960737
35871888
33844719
29738569
26988710
25567443
29327432
39778722
49318945
62914605
87768880
112911936
121244478
27349054
20495568
21524717
12692422
9938527
13079344
18394348
25071949
35542047
42161387
49280189
59760486
81855616
112670671
130329888
131697379
35450963
44148598
31036239
29412688
16690507
24203887
18249383
11165654
2537736
3471997
2646288
1751547
2477543
1297229
1468096
870653
1086570
1002896
1322356
1215953
2354136
4348670
5823956
6012575
6007684
4913031
4772273
4965707
5231414
4365289
3903647
3112332
2468663
1878859
1760925
1320049
1557080
1235921
1888281
2746108
5432511
12189459
21361482
23750488
17633253
14586216
22037592
19944639
30916988
38355052
35008247
20618597
22605646
39838367
26863460
20995972
9643091
5200898
5814717
5390729
3102913
1825022
2221507
3322471
5353002
5415690
5274256
3916980
4035289
3181731
3640235
3022516
2846391
3612563
5679897
7367105
6847892
4743222
9487062
12976117
11085136
6747769
5374659
7453454
10870109
8738002
6239223
6564766
8642701
5103983
2204376
1629335
2934425
1893765
3135440
3737572
3071882
2200067
2780531
2294825
2033410
1567345
2163433
1269330
1303285
919472
1208606
1032204
1139292
847808
1157229
1598575
2345528
2527366
2480317
1838173
2799291
2308036
2800419
3445671
3893861
4656956
6269701
8288589
12288544
11765247
7583605
11822290
18439008
12844716
9674481
7883242
9942037
7010066
3590474
1921880
2206106
1939807
2479464
2365122
3589391
2265124
1664070
2395676
2894931
2038270
1773474
1726573
2097599
2028948
4032679
8142649
10236693
11807642
17639812
19550466
29772722
40875586
49585669
47343886
35400978
29376817
22783521
18581836
19190203
21924703
16868882
19976578
19572627
17041869
30224367
43636016
53401507
71743552
72278995
40506074
25957802
14302941
15879035
15481476
18024056
9996453
6891760
7798576
12783282
8063536
6277055
9068542
6586138
3837722
3990614
2717154
3551960
2744906
2655294
8554410
9719356
5713169
2626042
1130033
1613385
1295033
1205931
1340596
1839001
1431008
2037830
3989909
6572854
7818258
8171444
6670335
4424831
2200865
2213680
1352055
2007063
2548742
1849794
2423677
4284970
2425360
2916591
3333883
2089306
1676178
1986428
2190915
2326571
1842069
1730691
1087760
1438193
1275778
1094642
1042972
1732738
1441078
1760388
1382874
1688761
1869295
1892157
1329218
2034301
3091268
3602293
2961385
2998639
2320654
2192736
2511602
4788184
4281106
3353005
1679815
1913754
1401613
1419179
1247860
1369730
950699
1136055
1167512
1516427
1599397
1418348
928351
1040184
1018760
1632656
1891250
1761406
1073223
1414748
1583279
1783693
4003712
7081238
6633491
3606420
2120206
1662291
2767596
3756662
4831377
5630600
5236682
3841852
1990893
1470299
811007
1027086
814425
1042725
819798
1122010
1075027
1113784
913926
1284462
1083034
1269938
1002460
1097516
776159
1002627
863940
1125424
1008081
1495228
1614366
2251211
2340098
2100655
1015757
1256549
1027727
1266907
985735
1244774
802389
1201456
1177500
1354761
1372837
2006018
2475218
2769607
2402811
2443757
3703620
6003826
5163239
3690198
4403045
5689959
4505133
2728110
2529394
2420219
1985772
2459241
2452270
3256155
3753060
4038827
3290098
2962441
2765320
4848083
8327652
11388203
12655316
11498214
6402494
4627854
5763734
5341723
4250101
4580935
4220724
3731977
3208576
2365877
2168077
2233457
1148183
1273400
1113844
1367654
1224015
2831860
1081323
1458140
1438723
1757679
1681167
1943579
1201079
1202052
1191148
1924399
2301893
2549146
1613461
1629961
1336398
1594309
1061590
1353040
978369
1209350
971505
1143443
823311
1022017
756739
978786
755734
985350
1008164
1254852
1358398
1941666
3579641
4253811
2863544
1918027
1565132
1713554
1524191
2597784
3133678
3002389
1886690
2314957
2845401
2512847
1582247
1511967
1040863
1537147
2004449
2112682
1411844
1241981
809506
1143075
1151333
1451374
1128048
1204224
995913
1632561
1400968
1399909
4088442
18566320
24853710
23544818
12077150
5562390
18848109
26633585
27527871
25555537
20252882
4621929
9484768
8877762
3326133
2182484
2821076
1792583
1262270
1608725
1006800
1275227
956715
1215058
959044
1230523
917042
1100050
904104
1113775
825252
1010092
817072
1144457
851363
1020076
749213
1013382
821987
985138
718967
888493
691101
915940
744809
951559
711677
943382
750108
1039853
820789
1078833
811060
1016092
652195
2194487
864509
1164871
2101445
2029694
1630001
1621914
1183695
1266159
2494251
3695174
3298148
1848032
903157
1146954
1036899
1254268
1000546
1060786
1057322
1417134
1431480
2200662
2197118
2201644
1438258
1454594
2845223
1532481
1606686
2150308
2295581
2084010
1395492
1455124
1815725
1829137
1421424
2273926
2397601
1877751
1251034
1413863
1858575
2425860
1634952
1696914
1249250
1719768
1497256
1727888
1342726
1588539
1675043
1949569
1521988
1877759
2147526
2976139
3223483
4043215
3292926
3010018
2144909
1899575
1519134
1755519
1573511
1974999
2189657
3153822
4006847
5367577
6323946
7098401
7846596
7335385
4195859
2263231
1200239
1513657
1700870
2506407
4804003
7610147
9819158
10554516
10326035
9779969
7344970
5881650
5636674
6426838
6324336
7689204
6115858
5171934
3772648
3458914
3779687
5251662
6388837
5243830
3951595
3623536
2467654
2094183
1677120
3437049
4490633
5545433
5874459
6839832
3957276
2210696
6104191
9002342
12241833
29025555
34964946
35508769
27492187
21146049
24688881
30423397
34006732
30394298
25280873
19029211
11365767
7215453
7374078
15324971
28684425
39664312
51582064
41858207
34617732
41971789
60629932
67850408
68542261
64944693
69566038
78633690
80714015
70696559
66411931
62644964
44841565
53065595
60091632
79191122
92567433
97650966
104675839
109926661
93939975
55232178
43146341
37934114
27462694
30594643
17633959
19074405
11373842
6917162
10532725
11953807
13086929
8823325
16911132
17965173
3341979
3950753
4107939
3949879
3185754
2794172
2170004
2941824
3275551
3075409
2028376
2471671
2960418
2063119
1306915
1767160
2063522
2083529
940897
1162938
1307714
1806350
1981949
5284200
10412864
12333654
8480121
7801920
8579295
11189118
10465668
6399774
3034556
2672481
2173458
1416248
1174709
1382338
1479208
3320874
10158878
15029078
14249064
15374507
12822049
6858746
5858771
3149455
2033349
3282425
2910770
2921351
2594490
4801645
9055610
11438111
7070272
5278773
5637217
7379466
7711916
9108738
5216451
3310251
2700364
2487715
2889953
4852064
5824861
7082969
4392205
2292384
3460742
4889070
5435336
6081826
4500145
6285191
11895467
14229364
13027001
6977248
3040300
3098669
3508129
3179885
2215437
2293141
1643707
1606688
1718615
1410043
1546022
1662259
1264494
1290899
881517
1103775
1106910
1412037
1582275
2726224
2450227
3728646
5542940
6375497
9348441
10506307
5481558
4091881
6376509
7930041
8310498
15818447
27073802
28095358
22722925
16287289
10482022
11675512
15136723
11562426
8058861
6193605
4184758
2098591
2711403
2017602
2198781
2251003
1413922
1531930
1014796
1160096
990443
1277586
1291966
1396858
1163109
1347917
1068339
1338383
2034703
2308225
1755220
1460934
826555
1143907
1054729
1360649
1254751
1127306
871024
1219902
1256044
1430709
902573
1323486
1172423
1466935
1609823
1801267
1730578
2492400
4390650
10443125
10071823
8021280
4915084
2265747
4503284
6753820
4863619
3601557
4093971
5665211
5911853
5991784
4623220
5752145
5992134
5775223
5649377
4564510
5741560
6106723
10834028
16399506
22385570
25864840
28888256
31295051
22384704
7066974
17376461
31859606
22395743
8048901
22130687
11800170
20674593
27913055
22631022
15697537
13228077
11878613
6609834
9315673
16820806
13584686
12772375
11004775
6702834
7154859
5611058
9274901
14826103
19855683
25179994
26624865
22685510
15744807
25546786
27649978
25577246
25522443
19200542
25552620
36019005
39157816
30298884
23324843
30255026
31691298
31099691
35287969
38698858
50870878
34457702
31786321
21818033
9856364
7906398
20908060
23385633
13445057
6778543
14530938
13661129
6585903
10820562
15021865
7765129
3673570
2395163
2861057
2212634
1975277
1532265
1895462
1584594
1789144
1261977
1349984
1485850
2173580
1802800
1840745
1540820
1720987
1250066
1466632
885141
1142873
905464
1195441
839402
1080606
854906
1149403
1120787
1414700
1100638
1272718
1023159
1261097
1040749
1431813
1255118
1599945
1520988
1622112
1183456
1288832
968413
1239527
983533
1156677
864185
1117509
906762
1144399
1133907
1396856
1104175
1415253
1120571
3136100
3041800
5309244
6125500
6784715
5172228
3810134
2696319
2782144
3150710
2838185
2281817
2085673
1761278
1855801
1655016
1764806
1525918
2023072
1995941
2650668
2360601
1869285
1328752
1564633
1228654
1539636
1643725
2199919
1871747
1965123
1584032
1742477
2018533
2069946
1541864
1787059
2623186
3728813
3842280
6625502
6977131
5015072
3282740
3154803
4488322
2120819
2242223
2264133
1734066
1629308
1348535
1575415
1052544
1098995
794752
1032776
831826
1080496
920214
1158240
1174803
1450863
1118561
1238648
993893
1220711
809874
1022221
731777
974998
693214
998114
788628
1016574
709608
971234
714543
967088
1239716
1480807
2579822
3458578
4064400
4326289
3071912
2242240
1113679
1191445
912754
1192318
896240
1272112
896065
1131467
1096107
1099353
801998
1050319
849971
1046909
912986
1211644
1350512
1880158
1410188
1741503
4229385
6870096
8128865
7674181
4886784
3688281
2422644
2352753
2015179
2557587
2850416
2887519
1514737
3121687
1584886
1598943
1142865
1436498
1122725
1409515
1249996
1503522
966924
1280735
1141101
1316169
1150161
1392411
950864
1124458
1060113
1370210
1037416
1303984
1192565
1432573
1057506
1314011
931677
1126848
854744
1106391
783036
1022088
828072
1077808
1002855
1251383
1727382
3667273
3467129
4361910
5719344
6176037
5393024
4191063
3092207
1574507
933538
1110615
852431
1183056
955530
1225509
1099060
1491331
1457910
1595821
1204665
1401042
1160925
1234487
1158517
1522906
1662819
2185889
2065595
2703268
2418954
2655069
2427126
3154307
4002688
3800012
2631040
4046213
7819514
12414993
12320504
5285775
1036400
1229697
908988
1255694
3137692
7391837
7750516
4206941
1700969
11070325
15474874
6504661
1262996
1758010
843755
1032600
811693
1055414
870084
1102491
693424
894354
731143
943016
762009
960595
766085
1006948
771167
1031693
788387
994673
778992
1146838
1097295
1291294
861131
1032932
840249
966255
762872
989798
701627
2267185
961311
1135471
937048
1144484
826697
1046174
849626
1141688
984188
1104525
801112
989996
768503
951898
726926
928154
703497
930668
685508
930522
708160
945612
752857
953036
722260
899471
709904
926565
737719
977060
836138
1054277
825149
1010399
838079
1038254
751359
981996
761562
1017909
923688
1086226
792259
1175166
1332266
1805420
1992703
2487062
2302680
5348436
14146980
17141911
22827657
13997290
13825226
15487279
13656061
5576798
5137822
13498680
17081255
12157950
6965624
14758237
14434719
4474902
3155776
5841898
4672945
2785639
5482859
4261285
1520029
1852809
1709747
1445362
1050994
1383248
998987
1136335
772697
997299
869089
1067005
864241
1104061
806098
1068386
1000543
1266863
790498
976775
819122
1036470
800847
998604
756081
948792
802962
1015716
788191
1000854
776108
986635
790725
966149
765171
993554
809052
1075307
824338
1020311
762832
976019
774598
993886
874653
1129408
943680
2449288
1192422
1364895
899141
1118233
776566
998007
845341
1069053
812283
1028288
1124381
1633835
3598938
8282910
12758493
10192121
3723692
4320829
8982709
10458857
10815732
7715836
6905320
8935968
6074425
2515005
2152004
2677926
2605974
3421119
4443849
6057765
7342462
8294285
5410700
7914359
17030076
18403111
13702346
8151787
9120302
11920170
8690721
7968380
3098934
3664938
6032961
13490660
16199056
14776759
8341506
7069758
6398676
4642758
1547127
1645183
1100558
1202525
947733
1142917
884420
1094535
881825
1212108
899863
1011152
846183
1089276
893372
1150083
977620
1176997
1240006
2784321
9466364
19924026
23490288
25894820
20358491
15777606
29219745
32912064
31820792
37304487
35297755
28942206
20320638
14586977
9343624
9087857
20293252
38212131
35477269
37963285
36422857
38574976
31374252
29347772
21751416
5000138
9528727
12003004
7372744
2469611
1575761
2218347
1776760
1574833
1171785
1464149
1219290
1485895
1211789
1492591
1381023
3291509
6566045
9325020
9213316
8264344
5655739
3687489
3701376
4144615
1691346
1466796
1497315
1626883
1541311
1769108
1247054
1611924
2060152
11856157
23191478
38058342
41507934
38355323
17689506
21775276
33206005
36507960
31822985
23082919
13728894
2703372
7120935
4710911
1665985
2089468
1280397
1285855
1059433
1327679
2485039
9108634
29061074
40307610
40910580
40550172
31800483
23154178
14323755
7074351
4765209
5331487
4549450
4444268
3268670
3109823
4040218
3585594
1247179
14845569
40693670
57999710
44068085
7818420
15447705
4687013
8152011
1787760
3231270
6058800
27940590
48808116
47325027
39442615
28268661
20108743
13146367
8401534
5220565
1737854
4460447
15111690
31915006
48566144
60515617
32513886
24099427
13064621
6904081
8191107
2054007
3326160
1998441
3894915
17041395
45146217
43702724
36797246
23741658
8571437
4965514
23881595
47608255
53481992
22786867
25072989
16477778
4807349
7036981
10975821
38458524
53192362
50949560
30135582
21921238
33920340
44844495
51253127
53657098
42492291
41881034
23082532
28674919
7445896
10620288
10938895
5055035
2952788
2386437
1863444
1310097
1573643
1061326
1011789
767332
1012533
741254
942189
929465
1293043
3683956
3962224
4870988
15043760
27677501
39150956
63073934
69717092
69608940
57216707
41945308
29011894
25538710
40204572
53588665
62335157
69316005
58103619
35909795
26212939
13242709
16381287
14355765
7706340
7083726
5334299
4831723
8426577
3433998
1934602
1744729
3347855
6684048
6677436
4769001
2379711
9772904
12033350
4007790
2287228
2960139
3318014
1103823
1417594
2046509
2702458
2592455
4221116
6432795
8042417
6841711
4407260
3291646
3641996
2189945
1991254
2418146
2269784
1551469
1533069
1371298
1636623
1573890
1729276
1539039
1885119
1583379
1685395
1244766
1310998
971692
1233226
880860
997942
768120
968932
881406
1190783
1075433
1437728
1345889
1678782
1896191
2143649
1892014
1898845
1467671
1502479
1143304
1316345
998082
1215184
878362
1084827
824125
1089412
864716
1143676
852462
1079612
733782
960257
768888
977364
737533
2342248
972300
1087439
740982
925806
700996
910313
735715
1057881
795302
995132
722307
911733
704454
956168
780407
956855
711625
922713
790002
987998
842411
1091181
945504
1266179
974794
1059099
811868
1128282
943992
1104705
861341
1087084
826675
1033141
813707
1051395
811144
1004341
941833
1561863
1132469
1438003
2581471
3187100
3161485
2561568
1754648
1255157
942439
3752024
4699602
3525075
5426454
4479506
4972138
13281117
19501294
24036633
34328181
37652320
42459637
35645157
27579645
15206449
6872001
3807437
11766147
23541633
32429805
36390038
19669262
2678331
6594997
5619333
15919735
31556916
29808725
20925861
10238180
2558769
1503588
5318363
12224344
29385577
40001041
31831539
4941140
9503334
5550372
6178848
3275974
3751925
6514040
16156732
29480035
34950627
35860847
29380591
25224709
13678174
19093842
21151705
12446752
6023139
5236932
4478801
4355701
2545304
923928
1198015
920001
1122918
855065
1064152
886158
1166095
818421
1023943
651165
2261745
936304
1104159
750594
969825
699830
893686
712150
887129
683548
905986
732250
974668
749194
968677
691974
944785
760352
971135
767314
1027878
1279565
1889430
1829260
3142784
7776881
20854570
38385463
51591367
66641069
70680660
60601660
60414396
55891810
47246498
40622428
40991268
46411286
49592587
52194105
56021848
50490512
40758443
30815171
21128191
13488367
10425126
6536615
16952443
39192065
53734882
54013099
54203017
50181064
51997924
57363380
66929027
77467052
28435924
35679550
22352134
31966472
11494875
11033425
7683786
7209622
2240249
2579584
3157088
2275878
2436240
2254003
2387359
2532632
2822763
1873428
1783031
1288475
1210124
967712
1159400
847907
1142091
761887
1028017
778295
1014224
815852
1004220
768680
987372
797606
1092320
1512544
11065612
19416346
24537448
21026241
20729168
32395732
28088347
15077812
16427619
28293442
33348576
34001382
27743066
16936725
10788025
5733432
10181441
5066827
2656721
1565756
1985144
1091178
1097116
1230527
1726990
1627821
2902209
1943438
1532847
1210118
1647454
1533611
1250572
886897
1144808
1171200
1402925
1412500
1759288
1788943
1965131
2386978
3095084
3072000
3554931
2442427
6317440
9724686
6904470
4902375
9818880
9353222
3951103
5208056
6571893
3885009
7931044
9090746
6708288
4404853
5557419
10716937
17702347
22681134
25929397
20239036
13114613
3650738
10519810
12298865
5799872
2156007
2802235
1968570
1558433
1952648
2375838
3008150
2692267
1844531
2673741
2375935
2774688
2051356
1549011
1608748
2098013
2201421
2158392
1733884
2039911
1696238
1747381
1114377
1317937
1085610
1280430
1166040
1426926
1146377
1302065
961376
1211046
1099817
1162231
816844
1139368
857447
1068427
836539
1004794
833278
1058363
881956
1135226
1283636
1375355
1054509
1208985
804736
1107159
929874
1100075
836339
1055368
758777
973525
700339
953265
745038
1055864
1546877
1858011
2718845
4057659
4518253
4071212
2733899
1867486
1398433
1695074
1532459
1856672
1476966
1458184
1168697
2919599
2295419
3049784
2790542
3052493
3290890
3336126
1977373
1733425
1221434
1379116
1033476
1112748
917752
1152203
852861
1098802
754248
987488
747841
1014457
1334431
2483934
5714194
9496337
13778500
17211811
16795354
14766096
13190637
9256064
3652133
4499139
2874297
1608010
1280284
2793679
3685022
7364615
13714947
17245622
17354105
15345923
12775236
11432222
8799712
6364466
4440411
2246371
14560985
23193729
23917619
23609391
20218636
17892254
16761108
18830311
16873073
11357943
3767822
4309137
6358929
5249972
2126530
1725157
1738155
1907505
1652186
1633911
1431048
2466354
3566878
2895617
2393862
2100169
2338534
6088520
5285271
2840393
916628
1609708
1539636
1042001
976036
1238065
895803
999414
774651
1052836
847981
1005695
885339
1160425
968210
1156870
863138
1086275
1124746
1065518
743685
1030535
906306
1069492
964746
1292833
2053393
3250636
4738860
6191733
5842163
2341496
2023561
4070074
4093632
4634369
4231902
3413169
2126060
1606974
1125737
2804397
1550055
1752915
1217707
1297445
1002722
1288324
1134593
1220373
978128
1336424
1023864
1277668
1092961
1559539
1361908
1314102
1073392
1605161
1212253
1300587
908639
933427
984239
1496387
1455588
1340850
767911
1134068
1007049
1114292
920569
1195925
1019324
1287910
1023678
1223959
1146948
1413982
1089654
1333782
951671
1461111
1509701
1653743
1364942
1194769
989501
1145528
1209906
1604485
1373919
1471034
1115821
1241886
953089
1152279
869919
1097349
981176
1161636
808705
1036319
719051
933995
681592
899035
677080
875429
688893
877899
731694
957262
767086
879122
740757
883847
674609
867647
654420
882011
698220
880983
708493
918004
916403
1106123
1121870
1594512
1721194
1887761
1409952
1242978
898102
1049523
763728
1031664
747757
948774
1069118
1144571
785287
1015577
1134994
1143396
900698
1174941
934293
1271427
983063
1274056
847224
1047456
715295
957206
763259
939716
770068
1000472
614068
2117888
946114
1113371
1082031
1415380
1375222
1869077
3205946
7779316
14528273
9540537
5844424
8725444
7018976
5750148
10408182
11235790
5929374
7795803
12970280
9430626
4508491
6956940
8211930
11114552
10266518
4752713
7832570
8870483
4813994
2993859
2063806
1779533
1149760
1501700
981104
2237232
7082658
16704267
21047966
21160836
16827878
16588242
15695591
17854665
15181574
13178059
12364944
5568867
1437109
2354650
1575140
1931135
1878850
2457110
3354200
4219796
3242950
2937278
2549891
1982475
1334032
1519690
1258586
1348369
925793
1144265
882810
1076189
802872
1052084
874337
1403745
1819525
2783878
1978206
1852985
1866248
2153020
1757972
1856154
1611985
2524893
963837
1104343
1039508
1235173
960903
1200154
939218
1173362
1017494
1250815
1227373
1471108
1015992
1152964
1057494
1384114
1154265
1283788
1121049
1239357
838610
1097595
980323
1309867
1315276
1656229
1227788
1315690
1173967
1510645
1826478
2200737
2599407
3280711
1908630
1450759
1028239
2820472
1310882
1598097
1252794
1298242
929358
1100569
787586
1083115
834750
987244
869004
1189201
999397
1197078
1065060
1392707
1114135
1453108
1353939
1407177
1317834
1195111
1207689
1643191
1080952
1108710
816209
1050328
842743
964767
978368
1417135
1011894
1167175
1035470
1285101
1314115
1371556
1103578
1264675
939643
1084647
880306
1143192
871291
1050645
814557
1036062
924333
1114067
914703
1084343
809982
1087434
831729
982089
815949
1098905
1056902
1761920
2974441
3091153
2763265
4412415
5776711
5105856
4845928
6013241
5358619
4400127
4224756
4093183
4982129
6657868
7863443
6863072
5245759
4346040
5331391
6936560
7622975
8616901
7915589
8535434
8046873
8888264
8492857
9996577
14156359
14963423
9286491
6261690
8640712
8672082
10203485
10335114
9173335
16588034
20061139
20183245
17422383
13231143
8545597
5407714
5860699
5370578
3765730
5002408
3839269
3409768
6187633
18279471
51081912
47470374
25853869
19890025
15315120
5710351
5700516
6550904
2890809
3950582
3408880
1931306
1518383
1363725
1558988
2304631
1628833
1628385
2396888
2187663
1258325
1256280
1001659
1078965
882126
1071987
1239820
1841545
2881812
4766416
4821096
5144274
4624791
3898487
3114323
3410842
2937955
3506445
7704306
8447713
4979604
4551507
4138403
4612079
4206875
3802177
3470322
2457381
1816681
1864117
1941264
1889888
952978
1088301
968268
1844640
5750999
5585957
6533858
7854734
6730699
4763197
2880141
2562224
3079411
4195174
6177427
15543097
23890423
19222411
11681990
5316083
17854132
24767849
26377684
25599135
13567499
5171019
11044114
10666446
11131582
11414243
9768201
9653404
6438239
5315753
6473313
8576268
9305398
9037581
6606199
4778796
3437127
4322041
4573200
4251727
4453203
4318197
4087353
4363230
2809567
2817056
2614410
2487675
1791374
2719698
1268293
1260176
1563666
1632476
1370984
1688497
1146048
1185317
1251409
1552091
1211679
1549189
1827890
2791124
4444858
11249811
18270981
22022008
21384143
13386255
6558216
13601122
10674124
7495431
11251609
14030834
9309965
12023490
23644028
24858327
10417158
3664857
3466542
4102431
1431097
1240884
1022529
1111210
966435
1139772
1026259
1374145
1740838
1867701
1682213
2218217
1640198
1399367
1232203
1903387
2042720
2244262
1729867
1657798
1308098
1707605
1671088
1993252
2016299
2751499
2213981
2718338
1955317
2291563
1622160
1767690
1400299
1800282
1507041
1762239
1659158
1873456
1319321
1096439
1319222
2613081
2503818
1763211
1342634
2068698
1615478
1857009
1273740
1305391
993349
1314567
981560
1221518
1016203
1718122
1860920
2886017
3450823
2905511
2463959
1926016
1503307
1258257
1075329
1260610
1084948
1276662
1312319
1428292
1254205
1580769
2405703
3487858
2923141
2057311
999422
1247471
1147539
1352779
1036193
1263891
1048075
1165192
957424
1247749
876146
1108927
958610
1358400
1998953
1828729
1198527
1312868
1054777
1286549
1077079
1303228
1058149
1260279
1025068
1225163
1045651
1253935
812202
1061275
1153812
2590518
1056510
1224470
867675
1101501
763645
984698
933308
1037849
769240
1009650
728447
921509
705100
969171
706051
970867
785165
1017984
959230
1498376
1903124
2099380
941805
972415
897543
1107317
1060025
1281233
1079472
1192694
967467
1222711
965570
1141825
799921
1027544
746997
925344
737065
1099474
870261
1067826
858703
1131169
878939
1125124
798038
1027167
1723182
1076082
757771
993371
785670
1027948
850415
999581
758221
1002012
965705
1051793
921282
1129774
840076
1017040
1100362
1275924
1373598
1326852
790896
1051448
899623
1051122
788169
952954
754780
969503
823420
1008287
808145
1018375
763598
994935
776848
917600
782224
968073
740193
976595
759632
949226
1272203
3014331
2352541
1542159
1273129
1470469
965393
1133303
1223534
1487817
1051592
1289290
1158569
1401584
1022348
1222001
946721
1170261
892212
1079431
790109
1014131
802312
1032981
816014
1070250
760893
994858
810583
2385120
1039844
1187720
1100542
1338323
1251319
1547511
1346675
1407970
1301225
1551850
1308465
2398053
1168015
1310311
1278704
1566268
1383185
1605350
1823371
3646802
4810583
5894429
3917272
1766387
2198919
3035453
2780718
2393966
1706280
3048461
1563146
1311549
1444362
2138605
2069770
2403095
2591908
2755416
2510082
2733268
1641548
1548000
935181
1091901
994936
1262318
971607
1133405
1008788
1172036
862564
1130130
969005
1198041
876905
1135229
904338
1085080
785980
1071252
1015552
1283041
1065081
1219746
893969
1136543
879845
1123330
796932
1022179
852593
1020374
780589
943000
736615
969167
797861
988750
755654
982163
755206
939416
714573
915526
737412
930535
708463
910141
720682
949416
894751
932345
747534
974585
764642
1008581
722671
940958
843425
999301
826385
993825
953046
1496852
1772423
1902007
2001262
2313001
1304993
3127235
5240503
5802948
3930268
1568597
2475324
5259578
6916664
4887612
2226022
6018708
5052569
6268351
8846821
9679924
9440485
7465401
7130901
9200471
6984588
4486749
3489733
3692403
2641155
2231069
1111384
1270608
1116824
1360272
959779
1270307
1066020
1345035
1256614
1291040
1407947
1351127
1032601
1138074
847155
1084096
797280
974164
743645
962230
778014
1019743
1047994
1151721
799782
976331
748341
968207
801676
1042578
932342
1192364
989178
1166641
813366
1167039
877507
1066018
886780
1165267
914573
1121046
1022934
1093309
860139
1096170
884744
1086638
876955
1720568
2664108
5275852
5721607
3703782
2460529
2164367
1663296
1730081
1453437
1709484
1503043
1295201
1144967
1293651
894969
1241951
1014040
1529208
1046990
1301801
1115104
1298322
1054269
1229978
934585
1105921
877814
1124185
945062
1152176
917682
1099765
852883
1113921
1172273
1370636
2540180
6732226
11248057
14037079
11676662
5448582
3117819
6187434
5566690
2314639
1073281
1853321
7978556
9010298
11190279
14430563
11066451
5223518
3958412
9518818
7225675
3371981
2539384
2574403
1465769
1653542
1408037
1335932
930930
1174112
1009459
1275988
883237
1551983
3399779
7092367
6650715
8551840
20881463
19000884
16235100
5810686
4284018
6370244
5097671
1905805
1885125
1688872
891086
1149981
873644
1087253
780156
1031190
959098
1059262
856802
1138426
896446
1143327
1094467
1978269
1246175
1229661
1335107
1656484
1036848
1236095
992451
1174141
1132412
1300014
1147484
1500331
1972349
2575038
2945167
3783351
4115556
4614435
5497490
6261218
5931844
5703767
4258851
3893503
3163103
2925344
2381225
2172916
2073073
3972300
8478516
12904210
15410170
7161241
2050959
5206726
3634532
2205001
2678085
2242466
1289207
1495054
1155745
1327194
1006092
1271522
917490
1088026
792119
1014906
739627
911377
739788
998129
742138
922714
767895
1205059
1075871
1139997
891329
1180996
1035241
1147098
1092433
1168198
792647
1017567
802152
999459
792465
970631
722980
904790
677280
890302
668430
2442834
943502
1219786
1095523
1199463
981143
1281101
1271508
2868442
8311203
5019417
3176829
2161044
1123179
1427854
1135599
1297181
931268
1157847
1223529
1165417
771092
979826
747084
938718
700183
918812
678428
917670
687169
954119
933492
1636874
3411476
7476762
17466805
21119275
24708870
20714756
14765522
8439916
10951986
7622302
4625553
3701714
2017579
1724072
1314232
1711748
2280678
3189975
3511872
3868814
4634345
5637007
7019458
8002529
6930370
7826046
11184296
16169862
18518268
13324701
4233823
6599503
7130088
4584900
1756065
2948630
4859890
3490773
1499643
2807514
2934712
1981212
1830407
2457021
1661735
1346825
1238538
1256653
827958
1023131
877670
1122617
881398
1288870
1489930
3284870
4911343
4839647
6305696
1985927
4340331
6081596
3372104
1369310
1589313
3238915
960796
2466098
1569388
1078999
961282
1184083
928983
1131999
933166
1092635
888840
1064636
756196
985349
669053
880748
700049
944744
727276
935471
607052
2140570
886531
1046496
843226
1470629
1456984
1405538
995795
1430071
1882385
2291771
2546858
5884441
10624416
12859279
17976083
17938243
8406479
9764643
8380383
10321959
8214940
5077948
11895933
6693580
6032501
6117343
4131112
1860843
1778040
1795015
1503605
1665775
1150562
1351912
952332
1151878
851511
1100828
914460
1200492
1083952
1778854
1497438
1878543
3177808
3320977
3151454
1725172
1188348
1307954
832161
1082544
866198
1073682
735102
962230
782844
925286
772005
983555
785933
1062316
983260
1164818
983083
1156386
1080328
1189596
1042010
1446459
1447869
1818318
1883138
2270253
1805143
1686237
992149
998123
890687
1276452
1156591
1505080
1164922
1046730
755405
940710
735867
954953
781487
1061691
744088
918277
720122
1012580
1046589
1101568
766291
965257
725177
906847
720510
934484
696010
857941
729581
919300
712841
941107
692077
895360
762089
969987
848106
1057561
791138
1107402
1089125
1076696
652117
2214296
1097918
1755654
1629709
1192057
1043843
1232609
1200365
1142297
868011
1030694
772767
1004298
747285
949108
780984
1076036
786933
946293
759052
947994
1053981
4681455
9561087
23712284
38809539
43366933
54059064
56719634
54430501
39852886
26565277
33310590
28742239
20021273
28563640
26475310
33044281
28472284
31048612
50552918
42821809
22106351
15332700
22919288
18053627
14535610
16926815
24654566
27179003
27293663
18218202
56761311
42882561
31717505
6356948
12374489
10630945
10469121
16369093
23689635
23686173
22106739
13927974
23770986
19300141
25161457
18938743
12796545
12951024
12101443
10923365
6021625
5629365
7906523
9898368
10000122
8298562
7105517
5781517
4326292
3900376
3353858
2769306
2539666
2830214
4322744
8777261
10758766
9181713
7637795
3908453
2196387
1111229
1208061
949486
1131612
1115936
2636029
5452721
3518650
1724096
1364016
833591
1074761
997592
1272381
1514636
1865653
2070445
7145858
15263818
11217036
30783092
23831895
16088432
8520659
10460465
7037464
2374691
4218370
2307005
1529252
1120019
1367490
1077543
1295175
880468
1023464
884410
1174722
1072131
1150879
826389
1043362
839024
1019502
841869
1113331
1071586
1302901
859478
1062256
781255
979787
778730
1001145
726918
928962
840709
1067400
756746
976474
771429
957088
752565
994733
738701
934814
712697
903063
728572
946130
753582
956293
810046
1004120
764600
951382
734342
961166
771877
1037706
911561
1165902
1007422
1102220
846115
959625
752946
1206526
1270633
1263345
911821
1164454
930380
1083532
891605
1081370
824924
994073
799390
1076119
889546
1073094
853742
1406040
800555
948639
698979
936021
731430
959521
800650
1048454
998320
1970776
4520407
4719918
13550118
12157417
6676289
4919557
4613698
2589275
1043627
1448450
1298875
1959311
2268709
2640095
2228892
2021866
4386086
14044123
5203921
4910807
1815166
2244953
1993720
1842271
2038143
1342606
907460
1369792
965117
1075043
990538
1327650
1174748
2596763
1096674
1162636
841902
1068355
807724
1041732
723959
940672
733813
915786
701189
891522
701825
878711
705059
903944
685630
852271
665400
884891
741095
925675
757265
965689
750888
969546
865457
956384
788610
1078359
839771
1018433
969764
1392967
1072391
1276212
1048044
1318446
1425207
1476827
1080575
1222832
1009897
1266924
1105008
1392545
1147431
1382256
1353914
2326015
4249156
5855817
6154366
5528999
4913057
3650618
3173742
2928754
2040921
2551092
2444229
2081883
1469097
1622054
1171721
1265891
811574
997684
787490
968217
818825
997591
806420
1018763
857586
1077512
964251
1163685
1021744
1079003
828559
1049532
807328
1057384
947369
1145026
966404
1253858
1129420
1330081
907036
1064497
753486
975498
755030
986113
756427
958062
709580
957449
770905
963350
734863
929307
707262
891275
733377
917135
813590
1041213
1102227
1667651
1447084
1354025
1512532
1552312
1242617
1374010
888059
2767335
1318862
1765650
1448397
1535482
1203635
1560332
1044429
1074368
849516
1040756
786006
969404
744977
937244
728962
919349
773166
949262
753335
931110
718485
906062
713137
911585
744586
931199
769559
976825
745968
942351
693591
904510
741273
873455
712065
874870
736098
935494
718162
900388
732586
897695
734245
889431
680294
862958
711415
884921
693177
879836
717001
934349
738355
981946
818486
1035447
915635
1220690
1865033
4233298
9005997
16080354
15117314
10710063
10737196
8563383
6993268
6344905
4994148
3409871
2832292
1902903
1073007
1249503
882223
1070857
809686
989065
736588
1055293
1030124
1107126
775249
946555
782570
965069
771948
904708
700593
942752
764803
1000557
786208
980444
841190
1071957
888138
1071014
825840
1056982
1016707
1290012
1039418
1125181
1372767
1521356
1101469
1151186
806480
984260
785061
985718
726083
943479
822086
1655756
1634692
1112366
931475
2269736
943422
1082907
778235
989247
773037
984449
751739
975103
722613
985571
781822
986512
718169
970779
1191771
1809489
4192362
5996384
7804323
7170254
4858653
3105382
2184258
2584973
3028230
4229825
5389918
4401057
3748794
2921105
2335158
2545256
2218399
2749049
1783088
1730017
1440549
2312875
3583281
3725877
2550047
2189233
2975210
3570890
3646606
2486240
2031072
1655221
2469208
1984397
2992651
6329220
14912250
20514146
20465632
22067401
21009350
10668737
10941542
12064897
15942132
8642472
9483413
16232638
11828662
9240762
8466889
12434844
20935347
39992732
45107127
41476903
42257285
36253144
16911926
15157416
10040415
24996322
29262966
28674060
17195358
16371018
34804025
40199060
34274132
16826317
11486805
7267343
6726692
9007622
12988265
16500583
24984475
30437517
38617758
39670659
31123602
26962660
20397542
17697621
15414909
11683753
16174682
20638011
21337408
23951586
29988252
33014712
44038662
41622420
36599281
29369661
21504691
9821257
4106332
6255913
7185378
4249573
4886457
7463850
5637564
3777916
1803532
1572009
1765223
1898780
1486094
1832527
1581911
1708728
1369492
1517432
1274737
1506230
1302676
1482194
1321859
1624344
1067665
1262507
920779
1155092
929942
1069945
945289
1207702
1038169
1302715
1219757
1389908
1123587
1466912
1600627
1669317
1496954
1681933
1275114
1426593
2107415
2233241
1688824
1429845
1048726
1254701
1120344
1319896
1012869
1092986
1104540
1306838
904037
1180155
1087167
1351712
1472504
1881556
1556882
1914233
1619513
1914366
2046603
4287402
4767526
5617259
8531640
11130755
7058578
2690337
3623921
2904909
1179228
1250366
1058096
1458917
1266945
1261686
1010217
1156058
864568
1172693
1639365
2078287
1166501
1187430
1637917
3257806
1918424
1428012
1313842
1183317
898776
1501032
920126
1080892
994224
1215858
1117675
1418609
1155532
1290965
1021223
1076399
848437
1045698
740747
976601
724213
933198
782857
982203
756604
1348522
2153710
3536608
4069603
5068540
7143558
9351085
7490316
6517450
5118802
10472238
15383328
16244677
19116996
22679973
24575912
24386139
19107285
23544808
23807355
24531311
26525183
23812521
34734625
33188603
12488472
12697014
11566834
17482508
17181051
17477172
26117467
39584503
45071045
39579708
21935968
15625150
34976219
39114673
38652353
27314191
10406319
4918614
8079942
12638026
15511208
18069499
17001752
18563681
19178395
18244129
9910281
3642109
3120128
6864744
9060652
6733392
3008390
3995889
4693256
3258275
1710247
2430267
4330195
3903193
3412977
2745558
2254833
1993557
1560871
1696543
1680150
2293306
2201719
1981310
1637752
2497257
3223677
4271999
4581694
4380213
3289143
3460044
3241664
3369810
3816945
4698805
4216271
3874273
2711073
1998217
1389973
1831203
1491132
1630782
1569310
1670453
1591584
1908454
1608829
1609689
1605720
1770379
1958901
2280967
1991081
1916423
1384396
1441352
1128174
1262560
891767
1131053
985355
1159026
955988
1272468
1176494
1588297
1597783
1912799
1129809
1555501
1144538
1384618
1217367
1305357
983626
2391191
1047067
1231285
1132189
1400989
1089978
1492565
1299625
1263891
854651
1090057
976566
1258518
821106
1047606
832198
1087339
903953
1166829
1363715
1224390
810342
1067288
809758
980626
764164
986214
898151
1052072
752180
915186
760769
952696
769766
905114
778116
1064807
1024645
1242710
931287
1035594
890896
1111120
1220739
1479314
1072677
1283058
1177021
1450474
1084322
1161833
807160
931903
761837
990308
786449
998128
758607
957809
708738
912321
948175
1321792
934700
1022194
1464535
2149260
3224487
6578009
12494982
21004912
22777663
18987939
12999635
11344140
8971596
5705914
3029533
2085647
1234776
1915075
2217237
1453972
1274490
1911662
1771012
2129774
3743355
10849087
23629462
24499649
22777565
24312359
22015411
22855759
18723686
15201473
11939862
10258056
11947489
7008153
3182723
2236945
2541032
5596615
7747132
12212849
23548658
28959620
22933883
11711512
9483862
12512503
9925044
6597514
4895827
2849006
2020365
2487442
3367132
5265348
2871092
1709513
908578
1154748
829303
986907
957155
1253026
966414
1572763
2898144
4149883
5394002
7323689
7780115
8873452
12563664
10720549
14932354
15036430
9309690
4277538
2379954
2487276
1952663
2767378
1334422
1720778
1876448
1829071
1538679
1720076
1353493
1505045
905218
1140918
885396
1172193
1142494
1485112
4065915
9955758
10595630
9607881
8159086
9040972
8199229
6475771
3933614
2839961
2630475
2738184
2262197
1897512
1805599
2006047
1445717
1613627
2070712
2189805
2482220
5786913
12501177
20682092
24262812
21903183
15337512
10108493
5288499
2926342
1743532
1730978
2022856
2493493
1891226
2296014
1451327
1670205
1997249
2196425
1716872
1531104
1498854
2728304
6258212
12446290
21114665
25151074
25905791
26869232
30226302
35013318
37727378
37149392
34470413
33675341
31733334
29920655
28454602
28685315
30040102
31639848
32369871
33894838
35492074
32403340
28198071
27131566
23938578
19842590
13288291
6906256
2205532
1671623
1865332
2291773
2500760
2213512
1645540
3191131
1455225
1450892
1257296
1478278
1307465
2185833
3622481
4680169
11821637
22571227
25687482
22963066
20077084
23035064
24631932
24343029
28781703
41665129
50407543
48393350
25557330
22809663
10419288
17809641
15880647
5008013
7317213
12772065
12711231
8943318
3061920
2406903
2599663
2022176
1551007
1805289
2024384
2703848
4826509
6601913
9184323
10466039
7213220
5062530
6779350
7716536
4132613
2813425
1522901
1736942
2504269
5342907
7777933
9770347
10173086
11509232
13772814
10780044
4782875
1481513
3796381
5017920
3491441
2097491
999466
1282966
3236346
7096039
7263554
5388946
4720619
3381591
1666739
2060419
2365802
2142838
1535202
2041039
1285241
1552138
1496547
1482773
1022183
1273714
1036148
1014760
1028248
1436852
897187
1461210
3337477
4454247
4740724
4637918
2523429
1701740
4709462
8533957
11654451
16300787
13009647
17034363
24843097
18345292
16991668
9757319
3362656
4555382
6558747
3156645
1169980
2375224
2272180
1171090
1759975
1806780
801044
1107629
1618635
4433533
8919785
14737015
20390359
8896898
14325426
16698016
15681012
17987619
15545163
4973562
12533096
19838096
15474633
7093739
10581435
13381553
8380003
3417963
5430498
3650375
1686601
1845127
1341981
1498692
1128756
1185181
846495
1153842
1155792
1507246
1292353
1594163
1717376
2035019
1658149
1744387
1072096
1230744
1215150
2573983
6605898
12804412
16556833
17740514
11218617
6289331
6347526
14349593
17318247
16281170
13916947
6548110
1767595
5487819
5225425
3659828
1526160
2273850
2408628
2150196
1336146
1834560
1385661
1637930
2958474
5203347
3568222
2962567
6650434
5966378
3437900
5512611
5066585
3638385
1811161
1501655
1674441
1558707
2936672
4932754
6547191
6582454
4806449
6056527
6969370
5368874
2248646
1830715
1768039
2073250
1762121
1554886
1027716
1278069
929774
1237982
1065760
1377987
1551422
1871046
1559719
1634596
1166128
1112783
922761
1271098
1202699
1431466
1047370
1227121
1070268
1452965
1400214
1832119
2119805
3347832
3369678
3074404
2301883
4345054
2775356
2754500
2312475
2158834
1490151
1476238
1212925
1472971
1041823
1222885
911200
1165312
1190265
1395097
1038264
1503241
1202888
1929154
1086071
1297638
1211667
1552407
1121263
1201681
911877
1115656
857483
1117102
941919
1147760
1053374
999203
860209
1098131
779793
1035708
819620
1024724
736609
990249
1070783
1492767
962800
1088815
962422
1360891
937661
1164185
907539
1059975
878008
1065759
851958
1121007
1039823
1317295
1009561
1167414
837136
983954
840237
1048981
787190
942431
767603
991682
743034
913526
698212
933213
736687
926590
735231
978148
794601
1215352
912489
1019835
866503
985664
732656
947397
767254
934046
739070
929392
1035122
1204155
831530
944977
1011424
1422375
1142362
1361876
995069
1488997
1730979
1473907
1206855
1433702
1315864
1590972
1383148
1791702
1899040
1616818
1288555
1361403
1026477
1216914
1021193
1167345
2895724
5723268
3441744
2055560
1166265
1700949
2103831
5062009
6062409
10638038
14309489
7682049
7320486
9251562
9920075
5164838
3155051
3038059
4577223
8231066
12137910
14989758
16023774
7615259
19621807
20540588
16893058
9958289
7209638
7720171
5974003
11891880
9424165
5561432
3203254
2432107
3607299
1828422
896243
1085187
1475096
1438561
1016200
1218560
1052466
1267336
983560
1170398
1130495
2199206
1806952
2903391
4143017
5129172
7919900
16567439
23347565
26091782
25687584
27459852
29620850
39485681
56116738
63088064
56759301
61415635
72533043
80365719
83412683
81988256
76053322
69120965
46641778
34017179
31368554
29628733
36551048
46147250
55158978
67560281
69727277
57825230
55668116
52417856
54274543
63632813
88951498
89124458
83433604
67182828
51745520
47001520
31789294
39996391
42491519
42730287
49409310
52457666
46356961
39711096
26892923
34044412
39520963
43845277
34217296
32304877
34566551
38256006
36524963
39450034
39428404
39594039
26831930
13549686
10297698
9681636
11989979
12162171
8840826
10847226
8190169
3197827
2949773
5162559
5653283
6537085
2123375
3406677
4420902
4344464
4200716
5597593
3225249
2972888
5123423
4461269
2658730
4087672
4578327
3349687
2251140
1685441
1217393
1653312
1482351
1729235
1140584
1427992
1047559
1249569
1187433
1304977
1061476
1470672
1561839
1839179
2230079
3638421
7133842
10870498
9211788
4564137
3579527
6239072
4763853
4202447
2323870
2088062
3956931
3582007
1678008
2150664
2592595
3037491
2267079
1586232
1574027
3053130
3303194
3850870
4390037
4245991
4384501
4615888
5074155
4298917
2675508
2298085
2047162
1790709
1771118
2252929
2685474
1847073
1022330
1386104
1123813
1208873
1001323
1129484
752660
996782
833732
1218462
1519674
2404341
2049639
1423053
1729400
2924455
2463237
1713305
1208480
1896565
1492818
1468466
1205245
1428341
1203538
1593098
1532828
1819831
1645892
1872182
1767988
2041663
1354979
1672550
1323310
1604285
1217517
1453501
1126356
1381105
912787
1063923
836471
1048955
750503
1023567
815750
1055694
814944
1110235
1849486
2722075
2574487
3173524
1102168
1391006
1328273
1339875
1160365
1300375
994770
1433618
999238
1063589
1157205
1343761
1435270
1280383
1125724
1541216
1447955
1437795
1010600
1240076
1026111
1413944
2130826
1932593
1892152
1896567
2520694
4456780
5596753
3615584
1304885
1813678
2362011
1628015
985106
1231478
1176790
1511947
1126407
1001000
781092
988286
777080
1136586
1936905
2311320
895280
1037323
859265
1081015
816077
1045030
811371
1105052
852602
960743
722452
964279
698427
917212
702118
908811
687173
896795
654626
875642
701918
903427
721676
933472
726773
999498
862296
1008639
740557
948267
751491
987739
737745
953414
701839
871737
675955
938637
716919
934837
717920
983483
808357
1049410
1632683
4909263
5982675
6458035
5077878
3116821
1749441
2567029
3455566
2864759
1978540
2948585
2762055
3513480
2743612
1972721
1524453
1601464
1266755
1447248
1213836
1340858
1061823
1137202
969199
1184724
838489
1011892
673345
2264602
872664
1070302
780055
1042752
808814
1069730
862826
1107263
893827
1121144
815875
983195
779379
960048
739094
951212
760027
969358
738967
988237
736657
937785
1145841
2455812
3756454
5186692
5585135
6098536
6667232
6160768
3674839
2854200
1887490
3261049
4921034
4609488
3411302
2345214
1825307
1767716
1124102
1239809
1045629
1207807
1137457
1628622
2219153
3612497
4392675
4777085
5511383
7129626
6901892
6569409
4815904
3627577
3088017
4369407
7777533
14197008
21321569
21985412
19925046
21321428
20250347
20233191
13126630
13646804
8736065
7754519
6350620
5423957
6580361
6251664
6125740
5694896
6575976
6424334
4013566
3466883
2413458
1745335
1862361
2312268
3508366
3727415
4942025
8374473
8047291
10277556
12844665
10533254
4320362
2469220
1266815
1613406
1086687
1101203
1016043
1380791
1468234
1595620
1040932
1103551
843693
1054668
959933
1216118
843145
1035734
889179
1117519
928640
1157536
811799
994374
743834
985871
697299
2193178
882018
1082208
816720
981053
735344
988539
746719
944038
728669
944602
968588
1214748
970877
1016244
755299
920392
704338
910299
719213
910658
788791
1011189
727665
951821
701471
945655
853401
1070413
1271488
2543062
4742007
6857440
6552543
3946885
1806516
1814450
1924779
2148249
2095511
1935452
1215526
1302960
1137582
1382061
1004078
1328088
968810
1155798
910438
1063072
825427
967853
812014
1118846
803210
1055477
848522
1041066
799626
964641
727395
918400
768203
970349
829971
952140
740504
916871
741499
936821
743628
960486
712988
921177
682208
886943
686180
865927
719667
925681
706060
876295
669216
887697
724613
952988
786781
945409
702239
867130
685214
919301
706542
900284
704030
898831
703015
937883
726980
915577
739813
943331
747677
880427
694698
901582
679465
862773
1008948
1066681
720565
897637
707773
886910
721691
889438
661569
853725
621837
2046260
864851
998077
721764
895764
720867
914816
769710
917580
699272
914545
685792
899376
958619
1441473
2368377
3466917
5228917
5248694
3643736
2148966
1473766
1782307
1404188
1486009
1204784
1471628
971732
1083760
807670
991152
737186
931511
779241
966830
786106
1002201
799101
1026323
790355
1014752
774489
968331
708975
879009
700912
934520
778680
978842
820052
1099595
903952
1093612
1042627
1357714
1504120
1855901
1759935
2627352
3412395
3447594
2587313
3357627
2648996
2370997
1552306
1661888
1384160
1609797
1402221
1492934
1104161
1320091
851923
1079139
817074
1044409
747726
929057
735129
965378
751293
948249
758065
931530
780869
976443
937393
2481979
7771192
9508187
6089996
2188130
1320650
2194715
1336426
1000055
845437
1105305
836192
1036209
753239
971760
765047
981822
720567
893972
737837
933145
700211
949325
716350
968287
946180
1957815
4314897
8830816
11481285
13990244
15463822
16707923
14791988
14329046
15024784
13789294
12646022
10081282
5944938
2167237
911571
1603354
927225
1003779
763112
965722
739087
1115613
856525
1183993
977033
996786
767577
942447
707183
898675
714744
945729
799811
953535
810075
1023352
933234
1197948
1719119
3679275
19480199
39872265
38663987
22668690
27629704
23721227
12400744
17021351
9394355
4120738
2500080
2147342
1310479
1488579
2172714
2521906
1948455
9598426
20490322
28579154
29299698
24961588
16533955
14279299
12403770
14908082
15621955
14813464
8587424
8989208
12301043
13418174
10284169
6358726
5487100
2224696
5432359
9546600
15537406
16909920
16019517
22019140
26822814
19279269
15135392
17964200
12721308
27919495
41361476
50014651
48484775
40028061
33595546
25078629
15244357
13408846
11129842
19642216
19544041
20740650
19113412
16944528
22734939
23470487
33669071
43918835
51579099
35404457
24582210
10431207
14540317
15697908
15486962
11782271
10305954
9362093
6966248
6295946
3256752
7258877
13068316
10959261
4118316
5771965
6447696
8141024
4165297
3096567
2339595
1759161
1032970
1184550
940234
1322192
976248
1137126
919506
1169033
861146
1092926
774649
995317
811701
1051594
811711
1022175
742347
964329
746848
940955
713339
935851
741119
955571
720481
945285
798475
1034185
785826
1061170
831429
1083595
864706
1104313
934360
1165815
845492
1073438
838108
1048991
916281
1139521
959986
1199637
957850
1204628
1280585
1520628
1389018
3113502
1729787
1223786
1048925
1104719
861623
1222024
935664
1074807
860191
1022431
915713
1156024
1012322
1257025
998886
1260387
1031376
1222199
1013727
1232262
1020238
1173245
830248
1106736
908402
989563
792327
997188
801675
1136129
825306
1079258
963411
1175555
858534
1115982
841355
1094930
909594
1108197
1031445
1182848
1107806
1374989
1267371
1272876
1141247
1254244
1032442
1305583
1028411
1234491
898030
989247
725587
956778
738243
950282
765143
960810
757341
977561
757281
1058245
889550
2193511
871990
1047357
785649
1005010
854921
1124152
1099023
1327806
1009190
1299019
1028323
1338477
1317203
1670201
1627031
2366302
3046578
3586898
3602729
3129178
2618015
2871893
2344727
2186241
1875117
1486955
1034240
1170606
840401
1098202
889401
1159538
1390965
1477936
974823
1030916
817485
1049573
906730
1046735
925114
1168199
1068518
1339548
1921513
3199776
4967156
6326377
7055043
5670588
4310227
6333151
13413013
20870172
23917440
25511525
21191999
16150373
11548668
7789370
8156592
7353634
5958577
7656668
9751871
11731024
12605358
16510100
18327286
15895494
13278386
9566964
8424939
6339978
4389633
3025242
1924108
1890082
1583386
1248926
1003117
1224999
1119927
1379506
1329445
1679801
1867664
2449034
1922431
1346581
895274
1168079
1061660
1280220
1154720
1517694
1342651
2226434
2812452
3126134
6089944
9933891
21664856
28668671
31433503
30790517
27141188
10807135
17735157
29795478
31231417
30173216
25349984
12366689
7769354
24216596
31932284
32032397
29198424
24292164
14882992
7285233
2178861
2015969
1407697
1726082
1773897
2278921
5038343
15411770
30805482
34625472
32776088
30034965
28496205
20867263
18699607
23470468
26635255
21227154
36657167
46033146
53496619
54501564
57681169
58634164
56346355
40101173
51176212
41802749
58032214
72446153
65122953
40479035
56979045
43065285
48281848
49739654
47402331
74640895
75814804
76086475
81107018
87892998
92415114
101675068
102682085
79013222
62454520
54886068
20692277
30144405
14772218
18986287
22237092
14003945
12596022
12554879
10882087
4214929
3876053
9750049
8615980
4058383
6558701
6546960
3438237
1528091
1753300
2522849
1541282
1286732
1030625
1254798
1088439
1391190
1066897
1340588
1728665
3837693
8614451
12649222
9747020
6219291
3345610
2559480
2200912
3193626
2979009
2534633
1639925
2202764
2365449
2070533
1433904
1742879
1583469
1923318
1745232
2258212
1655937
1798112
1241310
1223261
806626
1089693
908220
1148304
843798
1089292
913052
1134739
829682
1042713
895588
1155570
925054
1077031
828285
2476197
1292657
1822917
1119001
1206066
1055583
1181836
856152
1039329
907691
1117332
889944
1131190
999899
1131351
1639567
4536576
5756136
3128786
1388216
3129981
2647520
3224191
2276246
2400391
1256532
1346649
1121729
1312350
1129466
1359243
975659
1189132
1070902
1218680
995149
1183039
1125540
1439985
1629648
2623804
1890793
2232344
1623947
1443509
1122056
1238774
934918
1156777
974800
1391404
1351800
1451555
1441292
1243814
777261
1085882
1019461
1099437
1067843
1397182
1425748
1293975
1021773
1142712
835703
1058965
887908
1053637
834939
1068823
840308
1010464
805866
1027564
955718
1203292
821569
1344615
1106188
1657214
1229712
1365990
996206
1255834
1185908
1199516
1378042
1626191
1092728
1524517
1364120
1428212
1019901
1094651
797471
1012979
731233
940661
795525
1130153
790774
1041242
788903
1048417
811977
1057840
823847
1017539
805289
941800
687473
893899
715631
988367
773646
1008686
749007
969105
710987
2373737
1185271
1345525
1048863
1165782
904419
1164899
939573
1135985
875043
1108779
827870
1043563
858501
1082687
849431
1096916
811097
1003443
1129530
1184161
844787
1160578
1325975
2447760
2832936
3062052
2812461
2550739
2914367
3630814
2791987
2512370
2373081
2509039
1968644
1832464
1644266
1758385
1474394
1365829
1163084
1660941
1694135
1651175
875109
1064765
798294
1022715
795082
999377
776825
994696
792503
1052710
871260
1500094
2185523
1588696
1344478
1295461
810313
1007812
804166
980585
758366
978069
712603
897319
737309
928897
794066
989839
729836
945713
686788
893360
706703
900645
720765
943606
763222
982297
759143
934734
715525
935776
716177
910312
709133
928677
2007700
2172852
1358521
1460858
1064871
1305728
2009994
13019259
26764607
25352103
11332969
8411089
25482768
27007243
22102057
13316724
2753499
7769352
5050228
2477424
3242163
2401980
1317316
1296303
882980
1085047
801760
1097102
792794
2513951
1177688
1259363
944171
1250867
1400768
1130241
909808
1240720
1028042
1196454
824693
1068065
754314
968453
729042
1020404
2228092
5526187
7721247
8450323
6294508
3705303
2886043
2990621
1520362
1523850
1593043
1848523
1344636
1415807
1359845
1613981
1560372
2037726
2216684
1853195
1546569
2478145
2501534
2624550
1650365
1413537
912153
1130738
946438
1072967
867005
1133390
993136
1217098
1029139
1210739
894748
1124059
1175422
1405569
1053480
1406816
1035133
1333399
1357080
1807411
1548886
1383953
816981
956141
725216
955429
769892
985262
856646
1079136
757961
993374
798466
1021036
705253
922794
721590
947739
979750
1235910
1376973
1487341
1088470
1147815
897280
1234989
1418187
1961739
1467250
1623011
1514928
2152617
2035707
1875519
1356042
1329957
1196308
1156095
912518
1077986
826651
1064694
950239
1010411
872981
1144753
1477692
2738262
3322073
4243603
5022228
6005450
7567575
11121140
15103901
19707174
18726019
20495900
23297364
23771140
22456017
25511842
23575585
19541508
15865392
19722783
26898399
33593770
35846925
29542955
19416521
12305581
13171913
14855524
8406041
2330781
4563989
4363201
2066624
2352658
1891502
1530175
1143760
1356414
940875
1148839
1221334
1280167
970971
1218954
998662
1243580
1146340
1367388
1030468
1266172
872850
1071611
833120
1002844
890405
1108053
1062199
1286991
1083375
1176096
913456
1071412
904669
1208453
1024371
1285298
1094667
1284300
1147431
1189054
944637
1197856
761174
997129
784493
1027463
785885
1018912
921997
1203654
863507
1054231
748482
914015
828180
1265174
1322945
1684998
1877421
2131043
2099462
1349569
1162926
1508097
1818979
2629972
2501519
3024596
2590334
1633333
893267
1089968
1010630
1706582
2940210
6018461
6771647
5195607
4243033
4282267
3778039
5270271
4789266
2778156
1934881
2310129
2122190
1950575
1959726
2784410
1631642
1736649
2616324
2889275
1815021
1429946
1162011
1362584
878251
1210127
799944
2401757
1079263
1248736
1220120
1710631
2352984
4551677
5217286
6185486
6160700
2666779
2753906
3224202
6234162
21119276
44535659
51072236
25507522
19943845
34238252
19865812
7578559
4962099
7192287
8517130
2349560
2483189
1529557
2413056
5388541
5450021
11949304
16900617
16903235
7551728
3183150
2696551
2979937
3260413
1929683
1752595
1567665
1284589
2588593
2707087
1462554
1589061
1823865
2328185
1876342
2433026
2420208
2475693
2643763
2200755
2006180
1658204
1293262
2657403
1281787
1270302
1002193
1299243
946999
1272243
961414
1220985
1410756
1513981
998433
1331393
969729
1215224
973180
1155720
1356375
1735046
1883948
2351158
2676345
3711334
6167557
15312171
39869489
65068936
72736110
68724971
57937435
51926610
46776618
37327604
31014502
25682505
19815352
14702307
14608940
12591486
5273966
3918198
7444284
5501616
3234186
5180310
5511486
5157052
2658124
1805641
1497430
1721779
1674727
2070564
2993536
7248551
14995730
24229089
29061601
31436921
25518974
18944457
13209037
17696968
15754519
15713491
12176143
18013424
41035098
56415772
52429582
41243373
25447920
11591301
15556380
16913210
14675886
12451068
11749929
11965564
12401404
15567437
22924046
44424453
60610022
65817142
61063709
49944876
37590451
26407661
13641040
11485412
12570810
11030633
5034758
3934528
3941517
4520451
3568681
1883329
1602320
5021458
13469480
23277944
34108820
47085594
62896176
77750057
95097561
108220503
124984850
135966106
133315632
77761242
37621336
24984017
15826941
21560467
10893420
7674677
5961041
3582424
3535667
3254891
5793817
3669630
2006759
1679622
1669267
1528169
1373321
1550680
922782
1110197
789902
996792
754291
930472
760837
1005177
731481
1010415
830904
1092929
1050791
1355344
1517427
2911829
6265365
15102343
30718467
39654508
40868884
27439737
25654990
21963496
7404880
15215780
15468057
7730347
8092593
10287361
12068638
13720531
9625034
11092453
15079586
18354612
15918424
10727285
24946885
35010198
8816745
15836615
19227385
13347893
10429182
7125750
2581105
6603946
9146371
8681314
3828859
2905348
2859463
1928432
1024148
2780581
2727298
1382421
1071871
1694314
1734096
1783684
983684
1022444
1531336
2314802
1260658
1275755
901723
1049407
811092
1079601
910287
1101011
937833
1138170
922164
1052912
730213
1012966
1022723
1235457
989319
1052380
834404
988615
753239
923277
740717
987521
809608
1026075
815372
1031238
1020525
1316036
1360798
1959052
2486279
2972869
2728105
3095556
2702981
2794332
2126848
1983246
1134883
1207686
1304142
1934833
3996607
5536250
5979251
5762049
4722569
4452944
4493884
4753080
4219476
3424459
2095942
2418032
2266186
2427317
1822771
1814575
1383492
1518889
1213631
1362519
909559
1258412
1159019
1507831
1419196
1517062
1354823
1522274
1604872
2848694
4354212
5134197
4640661
3750324
4302627
7780064
14415139
25629130
29941163
36870622
47819706
47262641
29311163
28693272
32133493
30098014
20020719
18861442
11619028
13027501
14765704
11965722
6071981
3958095
10052994
11028436
9306779
15808503
10872310
4557872
17284365
20240725
3655111
16273253
10652136
2474005
13137677
7213716
5087990
4505120
3755494
12300968
13112936
6057357
4951225
6503670
2929943
4941354
15036065
20403963
20955387
16552139
10143512
4377258
1024485
1925233
1385180
1845228
2572474
3552319
3883801
4035718
2999180
2192422
3212708
5024078
6595231
8299522
8019825
7875382
7353373
8129047
6769544
5621578
4948200
19672824
31893808
30053609
19385366
15971300
17888004
14539796
11473531
11574206
10608131
11077432
10667046
10998630
12112083
9105683
5958907
5591095
4732296
2606283
3573804
8004129
14128706
13989752
14898139
15170108
20278118
21822737
21764160
21793302
23562118
34765407
54545141
70943922
68067870
69257201
69859418
90137220
75695769
41414507
69745337
58212755
35632087
53248552
42462931
29395602
22046473
21447968
31726782
43745203
48701701
60406966
53829445
20102828
15379794
15567551
10872715
23592878
24126045
23503136
23307075
25415047
10831599
7991629
18433299
25380529
32141850
26939357
18737425
17727304
11763568
10324381
9187079
13790703
16904453
16393902
10883631
8494749
8660240
13888489
11811758
13694518
13276190
7419223
6285226
14933950
18423535
12017582
9403827
4650619
6979531
9411674
6782148
2133673
1771674
1691603
1806263
1558556
1558698
3529031
5083552
2696861
1329395
1330203
1429314
1603546
1153442
1466546
1016553
2255700
2500818
2520790
2688928
4049969
3801877
4271467
3456065
5345790
6995942
12743541
17560985
21160629
23272209
27918443
24920433
15325170
4861290
22002339
48525866
36935132
13863167
14421118
7755767
9421889
2426016
1676894
1812698
1910784
5064098
14924731
16877180
8653414
4383524
9652122
15661104
17443504
32117668
41524103
40034610
28537852
20820478
10632556
7023004
6557305
6284350
4149022
2960373
3724417
5017362
11592048
34183441
46576121
38609554
18354776
17390913
17012684
5212895
8041734
9632216
9057943
16307666
22358469
19236641
20795979
22676160
17236084
10988920
24529098
32847326
33565742
31871913
22169041
39835415
41346670
43874279
46014407
39479155
21156667
30438130
35202161
44526961
55051723
63172747
43928736
36516250
19910109
16515118
16074709
11651654
9398463
4938861
5614551
6621926
5129863
4146282
3882024
2458505
1377582
1070223
1554975
1333918
1521354
1409508
1913364
1213736
1418891
1410607
1631117
1325011
1315904
1112984
1387707
1423890
1604245
1105740
1377114
1204934
1442682
1406329
1509867
1504368
1439178
1256089
1482869
1323903
1648180
1342170
1211705
1331011
1391061
1116734
1240336
859085
1053420
789685
999234
751624
963041
923399
1177538
883296
1100477
844764
1071867
854161
1077527
1178284
1260836
904710
1147232
780807
1051287
724291
1001586
730472
987760
786852
1501706
2707198
3330292
3232798
2168474
1011139
3331299
4675212
4735495
1315575
3368242
5484938
4483490
1085102
4520674
6483956
4185572
1268628
3175782
2644103
1218610
1067387
1322721
1066297
1177797
913621
1162019
1684464
1687831
1491644
2123882
2612018
4964196
5609327
4895843
2065704
1451140
1529116
2049986
1427590
1078685
813431
1086971
1030067
1065162
748261
1004319
815869
1034088
752643
2383156
1105337
1117598
804123
1247825
1306303
1566748
1078370
1215652
930635
1150063
902829
1111169
805947
1011911
829965
1067076
934740
1034703
806329
1054308
836350
1063798
793790
974954
674317
897794
693538
895283
687200
917200
698474
941613
733777
954420
670134
866874
706826
919978
876457
1421577
2945302
5062531
5832769
6600043
11710328
20717645
23105967
26411488
30262329
33034156
43026188
44182590
42449277
38342527
29915659
22960176
27913202
38297984
29086209
17086971
23036226
24875080
16851467
19008724
17157228
23356951
37817734
46201367
51567647
43247567
34638904
38949419
43367767
38815590
38661118
43838407
43869283
44142746
55777028
66728409
66749075
57355172
40443286
38874961
22957584
14814995
14616327
12854598
10160976
7244737
7264980
5317427
2821780
2110663
1490195
1652883
1255693
2281612
6671991
14407867
17208264
14474797
4749769
3689105
2597177
3916113
2646736
2660067
3902017
3833715
3200154
2502070
1121498
1502125
1431809
1213397
2064660
2803015
3697486
6994999
5965018
5793077
6120131
12853184
28920303
35388786
32809372
11792604
13375053
12123835
8750655
6551282
2407206
1537719
1658517
2120004
1413182
1562971
1291337
1293047
1094996
1581067
1471842
2218678
5655326
14815100
22995122
27272119
28337629
18008508
20054631
31620066
39186755
31641818
26907485
21453636
31095347
47288055
55447425
44469686
34225134
31385798
27365508
14788430
8258207
18470505
26405457
38409336
34787262
38281810
44820414
38820751
29061707
15360003
8539815
9414029
7568969
5718182
4469850
4027755
4908205
5469646
3220909
1925835
1772827
2888603
2787204
2913445
1840163
1683648
1665978
1931072
1120658
1153773
1191191
1463973
1165519
1357647
1268884
1508239
1345538
1636370
1484847
1561175
1292475
1520765
970669
1714509
1353385
2879301
8137858
10881252
9763485
6507874
4136507
5202711
4285564
4303531
5779986
4485922
2763642
3015740
1956935
2216696
2097645
1564638
1543636
1838158
1324062
1453320
1011914
1196886
844442
1122249
1204016
1657410
1960667
2638386
2341346
3490998
1828161
1890238
1535922
2357361
2747528
3085110
1914999
1465162
1085671
1337179
2497336
16753948
38872264
41795282
22493015
47998930
27990026
16573756
19205465
3498859
15036893
13852238
17363129
18127493
14709277
18840311
11553602
9233118
8845469
7729897
7281579
14636361
17072206
15021893
15356516
14808211
10020047
6663211
4424837
5904422
6255602
8956257
10230278
9632907
7111635
6336915
5930285
8044645
6961558
5817287
3304697
5082026
4531612
5161884
5678196
9972839
23482226
31827883
35980291
28099749
19901306
17649438
12424498
11321801
6957315
7868237
6510505
7169571
6203590
3806307
3039208
4359217
5607797
14629351
25539217
26693466
21218763
18288456
40973473
11463685
34365637
16883629
38665394
57550891
47359375
20896273
14289506
4757705
5501094
5623828
4114048
3009527
1453033
1529209
1084912
1204488
912056
1177385
1218565
1281794
1017334
2308643
6004775
15982456
25385036
29715349
27501534
20800138
14503847
11379527
14435508
18708385
19015960
19541771
19204251
20266014
22321320
26392722
20638320
13776376
5902579
13636244
17532549
20914136
23483762
25471197
27014045
30089114
29069388
29655677
27695909
23151087
22328785
22522352
17968038
10202590
14923131
27089594
37148856
43862835
51129715
47882354
24916232
20207354
6542798
14632558
13077791
8243507
7520251
13754712
14562874
7554720
6353807
9883064
8426637
3181178
2331910
3632789
2157614
2082636
2050251
2172338
2160723
2331508
2283868
2305771
2761200
2382265
1422399
1508993
1319983
1632974
1178882
1371773
1064280
1392010
1296217
1426054
1085935
1352148
1009520
1220631
885316
1059667
777639
1052278
975949
1747194
1191121
1224922
1066319
1323061
1022150
1201799
872223
1053085
821396
1142766
1501346
1394287
918052
1195050
918364
1168001
1076238
1352562
1461066
2999546
4883069
7257365
10857618
14135551
15806869
16792130
18333946
15478594
10970689
9229036
8046712
7237814
5805857
4490811
4424852
3967339
4136634
4425759
4323449
3378500
4147499
5819232
6434286
5819720
4695518
6299387
11092534
13263112
15730598
17185703
16800263
17336278
13883523
11855833
9511203
9867058
8457870
8464435
5852127
3536077
1624937
1961139
2048761
1875897
1535828
1522849
1423673
1431511
988147
1238149
960976
1210124
1256861
1663907
1438629
1850190
1770402
2841671
3703734
4795350
5406632
6166125
6486178
11153836
14111369
16168675
16465958
12935946
7953376
10495984
16581703
20036168
21342594
23860196
24193816
23414315
22766169
18198406
17093382
15757832
8785497
9654702
17040702
22524820
24017906
24085588
26856337
27267075
23972291
26555688
24824710
27784698
40054083
47138701
51541835
44575568
37287765
27632689
26840707
28302102
39665631
39003013
40421594
43615103
55644898
31223561
31901904
31119075
16647864
19514656
10251341
30154301
43212309
53351780
36566533
35853339
38495856
37843319
41293915
39671753
36077570
38239858
41981886
36398202
24248686
29362737
38680877
47259823
64312768
85404267
80550475
36763059
37223754
19453434
22713700
24931730
4982513
16347887
12417586
12643212
7375344
4865794
4839936
5128027
4555458
2489263
2699501
2140446
2086556
2404148
2110798
3471718
1955766
1902774
1491936
2054866
2189496
2534395
2120112
2230995
2133353
2800774
2602717
2596071
2212938
2270576
1785063
1727499
1718985
1768820
1376713
1421823
1481429
1506228
877491
1055860
865791
1221355
2550503
1711975
1484531
1656299
1584273
2388659
1201445
1152378
912433
1040697
831958
1051050
984875
1363424
1090752
1283846
1182974
1650577
2153424
3559843
5335524
7267025
7936912
5908292
3170558
1577795
1653916
1838498
1991695
2472735
3800539
5047442
7789623
10576617
11211907
10062293
7340378
5711107
4559633
3214206
2089736
2394942
1116280
1586746
1167327
1288189
955729
1258021
1074857
1167288
1074780
1231322
1036610
1298196
1041318
1145286
892118
1615532
1301966
1434191
1157150
1210124
1521985
1348611
1038899
1368319
1123218
1252275
1071430
1406290
1152285
1517485
1973741
1992399
1280008
1126015
945308
1139792
762745
1037543
958494
1130835
921296
1148037
877112
1077486
847514
1072615
772259
1026357
877453
1146723
973126
2792670
1071610
1155576
897475
1137504
816695
1075011
791779
1020803
816817
1070814
984933
1213435
1049099
1196447
838445
1044656
786144
1079266
762501
985612
872147
1155154
1129204
1309829
916644
1282008
1142852
1212477
790710
1203172
947120
1248330
1046844
1142907
907431
1404533
6328130
27912694
35265057
26789972
21283442
32255540
27907336
21386888
12816574
13898878
4505450
2960831
2232768
4357008
4470579
2504698
2841206
4318267
2961744
1368240
931123
1169027
829157
1264528
1282588
1593924
1303662
1473955
873054
1100669
920745
1097708
867644
1202235
1126850
1313847
1471769
1961214
2673366
3885572
2913261
2136888
1333257
1480720
1169690
1192055
1202839
1556450
2995751
3619496
3492049
3839212
3347878
2386514
1509973
2541491
2410509
2148574
1520041
1425613
1108986
1553465
1057786
1323529
1499589
1192863
1977571
1722849
1329171
1338720
1011583
1391916
1179350
1301121
1277897
1283202
883375
1142783
1647833
2767422
5698641
7565111
3812018
2958225
1184478
1542277
1658030
1501500
1794547
2622874
1875282
1676915
1821781
2910947
2234764
2729809
1447760
1386888
1335384
1051312
838148
1073764
782017
991659
694268
939231
783573
1012940
872359
1252114
1144380
1080507
872039
1095489
1000462
1322718
1487137
1789438
2041995
2592916
2710326
2455802
1605359
1953147
1400651
1489386
1345355
1654193
1787635
1963049
1578702
2109345
1544860
1637970
1113146
1257384
1059548
1167930
842770
1043578
799664
1022146
869844
1140870
883266
1140651
874238
1167235
929127
1172880
898924
1065820
765870
1068931
911476
1556334
1230875
1185620
1046522
1565916
1091385
1474507
1222535
1088610
907772
1075483
760782
994016
747261
961142
772449
971307
765431
962416
783108
1141026
1073262
1089905
1371004
1729081
1738846
1900461
1783214
1721319
1497472
1546520
1287986
1559477
1468948
1743285
1462005
1606744
1027829
1088501
770666
1065972
770169
1004466
796313
1004265
744764
978742
616819
2242972
904201
1081596
812016
990006
793193
1039464
844905
1278008
837786
955744
678739
1051205
1561285
1884009
1303083
1130406
897317
976293
780953
1037472
818558
1046453
848350
979678
818227
1131760
823128
951878
822199
1013499
743681
904120
678105
892409
677269
876071
666670
865846
775843
897787
668026
862540
677726
1040455
1644671
2835415
4468930
6669472
5201272
3297811
1372794
1402924
1271875
1461463
1154422
1342531
913259
1335801
1117027
1191107
917797
1171931
961561
1166185
727803
949250
751800
1014334
955026
1067274
829629
1062767
861782
1025538
770341
957366
715720
933572
772876
973902
1014191
1876076
1507572
1444317
1245377
1054415
921469
1070120
840441
1019753
819052
1033548
823330
1086873
748334
914361
747060
943708
738353
905062
827996
1031984
1592025
3892537
26758316
39308114
34404570
9375439
31415256
29555333
18827117
16938351
5957180
2548109
1600894
3156640
3547387
3015083
1938517
2749338
1324163
1475898
1111631
1487237
1474943
1658527
1292778
1739619
1929320
1960537
1870100
3847332
4349301
4833359
3467453
2942204
2265926
2298452
1729207
1398869
969200
1027127
1630088
4551294
14773853
26265573
31034019
32518927
25963234
13575498
15000975
14659774
20135345
15073693
9259618
14382316
26047128
15146358
12149880
24459378
35049348
39403852
46102193
20698166
29748298
23806961
14078878
11715755
32864121
38736676
32654881
15052756
15740569
28845469
41405888
50948229
39815868
22106808
16564613
16111248
9456334
3608002
1556548
2811960
2171487
1514379
1240803
1272009
942855
1133045
1004254
1407156
1301712
1825803
2029600
2694723
3700420
7385014
20071409
30665952
30255360
18363602
11664000
17669889
22574185
20724391
7023711
22517088
26868740
14341990
6265417
6376896
6115151
5606541
9029494
15104588
18190097
12302338
9834766
16688596
15095507
10161340
9332792
12993236
13175946
12677812
6144251
9415925
9910599
2490894
3499313
2993151
1421406
1907089
1173142
1634541
2153267
2058356
1493815
2964387
1411655
1497284
1140080
1325553
1280064
2501007
2084167
1476568
1213585
1551063
1988597
2590848
3002704
4162981
4271302
3986863
4963199
3939896
3161775
4368216
3302904
3481547
6120562
11127510
12649857
6728174
6777856
12026599
13250589
13906082
13496310
10709456
11178272
15299864
14916811
15256728
10197532
7022629
4182418
1880429
1700640
1662143
1062000
1504380
1174977
1410125
1009519
1236497
1320196
2101075
3370189
6490094
11551422
13693765
16877431
15129752
8957112
16165577
21233386
22579706
20876186
16246247
10818775
18753610
16882862
15630732
9952564
4993503
3955718
4748064
4372587
4287334
2434549
2354302
2370439
2617193
1860776
1633617
1095386
1340985
998786
1465321
1336754
1437657
1174803
1317207
1044134
1271368
1038596
1499314
1730278
1574420
1877139
6274073
19422734
19820875
12775973
18802723
19822367
17818266
12143641
8958899
9017592
8186313
5537580
4206380
2989258
2866440
2275270
4586211
9428623
11989149
14801415
13397354
14409473
12830860
11769941
21129926
34685375
38488597
24692193
17963082
8890362
4381389
5982478
6013765
6608785
9399015
6461956
5365446
5237612
5047378
4238500
4034031
2912755
3417966
3278862
3025164
1593777
1815034
2508599
2104104
1519871
2362713
2140819
1728276
855871
1066497
776022
1017395
779959
988529
768639
1051476
856897
1046509
800398
1047350
1015504
1354034
1112625
1426840
1550601
1543347
1023006
1159865
1121262
2106455
1842422
1641258
1424611
1664258
1144957
1400881
2988747
5018716
7544736
5881437
2565044
2028377
3032985
3090838
2483896
1883631
1156446
1324226
2552171
2271927
1282353
1695203
1293515
1150369
1159595
2012407
4617431
5454968
3517350
1478756
2599472
4510878
3510921
1365513
1173720
1835783
2128497
2463831
1929365
2450806
2488682
1493812
974711
1244961
1002369
1272284
1415125
1944848
2236035
1954381
1195642
1157948
1137260
1268894
898369
1042526
859647
994849
838818
1175269
953652
1538293
1981787
2405454
2488490
2873153
2635762
3640152
6928683
10312560
11674142
10018133
7748013
7751450
7976250
7657717
3885638
4287261
2917273
4182072
6528904
7190599
5037411
3134651
2119969
3322480
2046797
2101003
4658026
5897650
5532406
6726070
7312102
7946939
6573786
5768060
5819011
5673094
4921107
4985984
4514908
4268274
3805298
4102201
3798632
4186372
2680409
2203695
1679893
1505549
1187883
1331494
1011094
1177721
949696
1125902
1231321
2082598
4853206
11097084
13575499
14494614
11792523
13933801
17893294
16949921
9443406
13872540
10035798
9774447
14174563
16070566
13784523
17815351
20596003
17717493
11731548
4532531
3728239
6210444
4859921
2725023
2134620
2966462
3239895
3302850
2780882
3334497
3523350
3418658
1782008
1539427
1651765
2047441
1480246
2338106
2586100
2365384
1746545
2224981
1766167
1971959
1568483
1807805
2182895
1746275
1408764
1618211
1063478
1181447
976174
1220670
937018
1156616
1061476
1309570
1042833
1455486
1422010
1967504
1630105
1863827
1421653
1500111
1084765
1241099
846580
1053163
855094
1087384
835279
2439041
1163012
1189147
999346
1187532
736755
1029531
695499
948686
711082
963075
760542
999539
1365149
1311284
1158847
3103636
3779324
5700315
5177970
2559988
1353292
1756273
2230529
2198680
6157992
9708192
10358986
16266056
20629765
20743845
9330022
8558125
8947117
9966820
8420669
7024878
6948829
9003691
9797803
9648334
10171899
13915306
18140790
27440718
31006791
34985070
43756624
41268780
36770577
30786349
18933707
22347574
23322624
15576624
20981449
35375609
42421218
40123032
26947780
12718813
14358733
16461579
10481458
5870135
4311260
5251114
4161662
3379161
2522688
2141484
1767873
1765310
1811148
4993509
18988002
27294087
22920921
21011797
28925594
17213615
10812008
8322589
10225948
11788027
5182126
17407499
20885142
17971083
17013664
19781792
17349991
17743189
10346543
3506683
3467024
4237238
2232883
2279395
2655834
2588360
1719024
1636149
1736703
1756385
1103230
1531534
956124
1206413
1188466
1219579
982205
1147437
839053
1043476
923361
1283217
846584
1021824
921533
2405728
1015674
1219902
1063034
1118636
1569534
1288166
856081
1008693
1249916
1272456
976701
1198925
940389
1084717
784732
980747
927933
1255025
1068935
1314652
1006265
1160746
841081
1079314
863218
1106142
946073
1147270
784934
965900
856391
1027671
848774
1081703
818461
1018269
730631
943508
801084
957315
1090447
976044
832657
1030538
818898
1067910
911993
1173455
1158945
1746133
1392911
1402829
1480852
1298221
1140399
1337750
1203085
1328043
993395
1050404
884208
1083508
834217
1035787
1016199
1156390
779583
1014896
742773
994902
808695
1240330
727613
983321
721528
931580
782593
991801
788183
1035114
746778
1137759
1114765
2016958
1996689
1751136
1873164
1920174
1503230
1294043
914003
1311372
1139988
1009997
843982
1128868
1064788
1394349
1019853
2388844
7960140
10793588
7933587
2631859
1638194
3432703
3794018
3169700
2555180
2448017
1998048
2051993
1679455
1794835
1421262
1618669
1342296
1361278
1011862
2583866
971717
1106240
850439
1109794
1079384
1423792
821496
1120262
1068406
1425836
1597854
2134658
3213566
3482362
1503406
1291958
1361280
1959978
2221528
1862439
1544074
2278715
1786894
1834019
1350776
1492275
918245
1090481
1186332
1356494
940330
1277653
1290261
1518401
1588926
1777762
1102301
1076425
1986938
2702417
2914090
5125754
4641873
5433709
3260488
3072674
3214237
2677893
3155960
3843607
5737585
6915751
6752626
7337765
7752227
7082087
5290759
4416614
5107982
5011958
4460856
3059745
2654761
3902944
3639719
3872863
3522693
3164521
2020541
1834108
1216721
1438750
1290910
1471668
1131407
4483994
9180596
4659007
5328985
2995199
2066146
2526353
6890636
9458642
17115833
22930228
27589863
35045754
47668786
21173274
5740127
6281899
6351303
20562743
23053033
16954903
3869995
6510280
2629377
3975680
5384147
8589831
12161987
13535707
12121515
5012390
3672912
4461459
6087436
9046096
12123184
11138144
10258326
9955195
12322574
6999223
3437058
3794732
2641139
3843284
2426285
3989834
3658592
3548036
3292246
3017209
1526553
1336321
983499
1158846
1027483
1232040
860282
993644
1155400
1310612
1721354
1736680
1456903
2024938
2680880
4183433
6713595
7509253
8788744
11111098
12228104
9939370
8498567
7664950
5852092
4473538
3166879
1815205
2480956
2498390
2065614
2528263
1546421
2244782
2192509
4601936
3320352
3250001
3557786
3502170
4866746
8548709
10265882
15425807
20195229
19786111
21980355
21269243
17392487
12620079
9989329
10424271
9813451
8300311
7121067
10363430
11688805
13074393
10239962
9954442
7016548
4298691
1375026
2399967
4579203
4193598
2579163
2545131
1634504
1632042
1811151
4536176
4488604
4268478
3043478
2678435
4406288
5149072
3948285
4323045
3648299
2882207
1526867
1696283
1326362
1282964
804963
1119724
1013415
1214425
1021547
1207927
983109
1349010
1567625
3815308
2025134
3324226
4595941
4673879
4909668
6141440
5990352
7968799
13525420
18709483
27318102
33677888
38705298
38026950
37043353
31021400
18338327
7054530
17479174
28896147
31283548
30468788
33431606
29219782
23384680
17700034
9027068
4430754
3166810
5983668
7481185
4991605
7265028
8657041
9559880
12525831
14575152
15412551
16653360
17453827
17275655
16546086
14787396
13232231
12088765
11561283
10036470
8723112
6798052
4736582
2565973
2379859
2009429
2258010
2225838
2845073
3343934
3658889
3355776
2227345
2260171
2620018
2479600
4219811
5146933
4676794
4404231
3638178
2811857
3178372
2853827
1827411
1095277
1498726
1700013
2452795
2690352
4272496
7023984
6619301
4530347
3780796
2373381
2860576
3139130
4051690
4933384
6989546
6306046
6253092
4913510
7367791
4214958
3602463
2132834
2318296
5526060
6978751
6110303
6330144
5403510
4171427
2370199
2326555
2096591
2672985
2410883
1895307
1611519
2029036
2924307
5591397
8521777
11524947
14483292
16211290
14066670
11011488
8914235
8710105
8838407
9217651
9057577
9779084
9864687
13266865
16046244
17284040
17554698
15022453
15215784
15093767
21722325
23946786
23237252
20610530
5741107
8109283
9526918
13454950
16327259
13835529
11582378
12553700
12621510
10337268
8015724
9643583
9340216
8927306
9127969
10106449
9436661
12912474
16917478
19523907
20282960
16743359
14101242
12572454
10281878
7303048
5457399
7286260
8470682
9854869
11131120
8554544
4749012
3636301
4539202
4610468
3957079
4088164
3416925
5147908
6768659
7122674
5335685
6897364
6537314
7201851
7552842
6443436
3481054
4714614
4682947
4882641
3664948
3865750
3998916
4428141
